Status,ACCURACY,RUNTIME,recent_samples_size,batch_size,gamma,alpha,use_mmd2,use_k2s_test
COMPLETED,0.7399999999999999,1183.0,547,1128,4.531435408979656,0.0463547025322914,True,True
COMPLETED,0.7299999999999999,1.0,4026,3886,7.108080730328337,0.0108100954764522,False,False
COMPLETED,0.7299999999999999,1.0,3074,1267,1.860808661596849,0.036973446465563,False,False
COMPLETED,0.7399999999999999,3876.0,1417,3742,9.124476190707647,0.0199981362782418,True,True
COMPLETED,0.75,2734.0,2082,2465,5.707507011499256,0.0174367969348095,True,True
COMPLETED,0.7299999999999999,1.0,3740,2530,3.28464511581976,0.02831977683492,False,False
COMPLETED,0.7299999999999999,1.0,4610,145,8.06567414424289,0.0016746796490624,False,False
COMPLETED,0.75,3537.0,1132,4845,0.3308345773853361,0.04350195632549,True,True
COMPLETED,0.7399999999999999,2219.0,706,1727,8.36961786118988,0.0294941806648857,False,True
COMPLETED,0.7399999999999999,12.0,4726,3267,0.637257525101304,0.0154891269141808,True,False
COMPLETED,0.7299999999999999,69.0,3175,648,5.3962779513821015,0.0384887186270207,True,False
COMPLETED,0.7399999999999999,3409.0,2333,4342,2.9758954354682934,0.005914367546793,False,True
COMPLETED,0.75,956.0,1670,626,2.1745932387989013,0.0096373494192957,False,True
COMPLETED,0.7299999999999999,18.0,2512,4389,9.440740147675388,0.0483010110217146,True,False
COMPLETED,0.7299999999999999,34.0,4139,2004,4.210518070551568,0.0250127492458559,True,False
COMPLETED,0.7399999999999999,2990.0,118,3005,6.789642613356934,0.0327321118591353,False,True
COMPLETED,0.7299999999999999,12.0,172,2069,1.0185862131500616,0.0022014448884874,True,False
COMPLETED,0.7399999999999999,3283.0,4320,2945,8.594765384688973,0.0408601958691142,False,True
COMPLETED,0.7399999999999999,618.0,2781,326,2.7518163860067726,0.0177635438633151,False,True
COMPLETED,0.7299999999999999,20.0,1792,4684,5.016016806141473,0.0254915936486795,True,False
COMPLETED,0.7299999999999999,57.0,2376,909,9.840372690526769,0.03501370462263,True,False
COMPLETED,0.7399999999999999,4203.0,3366,4086,2.4180543391359968,0.0210029864152893,False,True
COMPLETED,0.75,1880.0,4985,1701,6.544809011193925,0.0445816678591072,False,True
COMPLETED,0.7299999999999999,22.0,838,3288,3.809511722153053,0.0120152471656911,True,False
COMPLETED,0.7299999999999999,1.0,1078,162,7.488375269456767,0.022176257464569,False,False
COMPLETED,0.75,4617.0,4430,4833,4.755481073865668,0.0330671670138835,True,True
COMPLETED,0.75,3025.0,3472,2214,8.899362023847178,0.007000876317732,True,True
COMPLETED,0.7299999999999999,1.0,1960,2776,1.4794466169094667,0.0488224892751313,False,False
COMPLETED,0.7299999999999999,1.0,1373,1557,3.6856943566463887,0.0396855620900169,False,False
COMPLETED,0.75,3323.0,2884,3458,5.952297721234151,0.0041496402700431,True,True
COMPLETED,0.75,1217.0,3767,1073,0.0874164067255333,0.0305043177879415,True,True
COMPLETED,0.7299999999999999,1.0,414,3937,7.665998671714218,0.0135240977164357,False,False
COMPLETED,0.7299999999999999,56.0,325,1362,5.602067319353112,0.0122770598339848,True,False
COMPLETED,0.7399999999999999,2916.0,3857,3652,2.8692019918747245,0.0447065798416733,False,True
COMPLETED,0.7399999999999999,1711.0,2931,1189,8.243409722398967,0.0216583148865029,False,True
COMPLETED,0.7299999999999999,26.0,1326,3820,0.8235029945196584,0.0355185383022762,True,False
COMPLETED,0.7299999999999999,974.0,1914,45,4.3173688360471285,0.0264783144081011,True,False
COMPLETED,0.75,4463.0,3518,4949,6.584001068747602,0.0187104227547533,False,True
COMPLETED,0.75,1969.0,4521,2409,1.9885051285317168,0.0422404339066706,False,True
COMPLETED,0.7299999999999999,24.0,987,2581,9.567096072578801,0.0035282440017908,True,False
COMPLETED,0.7299999999999999,1.0,927,714,1.6746442650137467,0.0136956449318677,False,False
COMPLETED,0.7399999999999999,4500.0,4896,4281,9.250755829295143,0.0307194834216497,True,True
COMPLETED,0.75,2616.0,3319,1818,4.638209897471593,0.0047011077073402,True,True
COMPLETED,0.7299999999999999,1.0,2423,3172,6.902362899403088,0.0402942450018599,False,False
COMPLETED,0.7299999999999999,1.0,1838,1953,7.939237146504224,0.0497196998917497,False,False
COMPLETED,0.7399999999999999,3412.0,2735,3062,0.5168511878559366,0.0080372535502538,True,True
COMPLETED,0.75,473.0,4230,520,5.913067520522513,0.0343442993275821,True,True
COMPLETED,0.7299999999999999,1.0,263,4489,3.1777228132784368,0.0236061505000106,False,False
COMPLETED,0.75,232.0,72,431,9.007510234075598,0.0424599150051362,True,True
COMPLETED,0.7299999999999999,1.0,4185,4583,1.2751013623084873,0.000783133120276,False,False
FAILED,,,4613,2,0.001,0.0486277625668072,True,True
FAILED,,,1,2,0.001,0.0398763543382117,True,True
FAILED,,,1,2,0.001,0.05,False,True
FAILED,,,5000,2,0.001,0.0300101405150843,True,True
FAILED,,,5000,2,0.001,0.05,False,True
FAILED,,,5000,2,10,0.05,True,True
FAILED,,,1,2,0.001,0.05,True,True
FAILED,,,5000,2,0.001,0.05,True,True
FAILED,,,1,2,0.001,0.0354428218926327,False,True
FAILED,,,1,2,0.001,0.0301041809645096,True,True
FAILED,,,5000,2,0.001,0.0098832045741162,True,True
FAILED,,,5000,2,0.001,0.0394030038936276,True,True
COMPLETED,0.7299999999999999,1.0,5000,2254,0.001,0.0005,False,False
COMPLETED,0.7299999999999999,20.0,5000,5000,0.001,0.05,True,False
FAILED,,,2294,2,0.001,0.0381187322059697,True,True
FAILED,,,5000,2,10,0.0304137783514811,True,True
COMPLETED,0.7299999999999999,22.0,5000,5000,10,0.0005,True,False
FAILED,,,5000,2,10,0.0005,True,True
COMPLETED,0.7299999999999999,28.0,5000,2643,0.001,0.05,True,False
FAILED,,,1,2,0.001,0.0005,True,True
FAILED,,,1,2,0.001,0.0417081506624637,False,True
FAILED,,,5000,2,0.001,0.0390296441545097,False,True
FAILED,,,2649,2,0.001,0.05,True,True
FAILED,,,5000,2,0.001,0.0005,True,True
COMPLETED,0.7299999999999999,13.0,5000,2,0.001,0.05,False,False
COMPLETED,0.7299999999999999,1.0,5000,5000,0.001,0.05,False,False
COMPLETED,0.7299999999999999,1.0,5000,2240,10,0.0005,False,False
FAILED,,,1,2,0.001,0.0161266815690139,True,True
FAILED,,,2667,2,10,0.0368918795368323,True,True
FAILED,,,1,2,10,0.05,False,True
COMPLETED,0.7299999999999999,21.0,5000,5000,0.001,0.0005,True,False
FAILED,,,1,2,10,0.05,True,True
COMPLETED,0.7299999999999999,31.0,5000,2193,10,0.05,True,False
FAILED,,,5000,2,0.001,0.0005,True,False
FAILED,,,5000,2,4.953162642320277,0.05,True,True
FAILED,,,5000,2,0.001,0.0198575396222558,True,True
FAILED,,,1,2,10,0.0254045002462162,True,True
COMPLETED,0.7299999999999999,11.0,5000,2,10,0.05,False,False
COMPLETED,0.7299999999999999,19.0,5000,5000,0.001,0.035588267009711,True,False
COMPLETED,0.7299999999999999,1.0,1,2209,0.001,0.0005,False,False
FAILED,,,5000,2,10,0.05,False,True
COMPLETED,0.7299999999999999,21.0,5000,3258,10,0.0378217273385811,True,False
COMPLETED,0.75,597.0,5000,890,0.001,0.05,True,True
FAILED,,,5000,2,0.001,0.0298478015129185,False,True
FAILED,,,1,2,10,0.0352253908027422,False,True
FAILED,,,1,2,10,0.0043950431905843,True,True
COMPLETED,0.7399999999999999,10.0,5000,1946,0.001,0.0005,True,False
COMPLETED,0.7299999999999999,19.0,5000,5000,10,0.05,True,False
FAILED,,,1,2,0.001,0.0433082760897117,True,True
FAILED,,,1,2,0.001,0.0241410260103786,True,True
FAILED,,,5000,2,0.001,0.046334284850898,True,True
FAILED,,,1,2,0.001,0.0409493009140272,True,True
FAILED,,,5000,2,0.001,0.0347671730062872,True,True
FAILED,,,1,2,0.001,0.0374694104831803,False,True
FAILED,,,1,2,0.001,0.0326889504412057,True,True
FAILED,,,5000,2,0.001,0.0225776890782382,True,True
FAILED,,,2335,2,0.001,0.0433768236211482,True,True
FAILED,,,5000,2,0.001,0.0383672593511488,False,True
FAILED,,,1,2,0.001,0.0426032891264986,False,True
FAILED,,,1,2,0.001,0.0242201937389736,True,True
FAILED,,,3029,2,0.001,0.05,True,True
FAILED,,,5000,2,0.001,0.0414670368463173,True,True
FAILED,,,5000,2,10,0.0367860835872496,False,True
FAILED,,,5000,2,0.001,0.014051943499347,True,True
COMPLETED,0.7299999999999999,13.0,1,2,10,0.05,False,False
FAILED,,,5000,2,10,0.037472797630262,True,True
FAILED,,,5000,2,0.001,0.0280651904611853,True,True
COMPLETED,0.7299999999999999,19.0,1,5000,0.001,0.0005,True,False
FAILED,,,1,2,0.001,0.0365330509173811,True,True
COMPLETED,0.7299999999999999,2.0,1,25,0.001,0.05,False,False
FAILED,,,1,2,0.001,0.0329899285230123,False,True
COMPLETED,0.7299999999999999,1.0,5000,5000,10,0.0238141995197892,False,False
FAILED,,,5000,2,4.972953016417113,0.05,True,True
FAILED,,,1343,2,0.001,0.05,True,True
FAILED,,,5000,2,10,0.0252670886052854,True,True
COMPLETED,0.7299999999999999,22.0,1,5000,0.001,0.05,True,False
FAILED,,,5000,2,0.001,0.0443753951319722,False,True
FAILED,,,1,2,0.001,0.0460035021295907,True,True
FAILED,,,5000,2,0.001,0.0285090628056504,False,True
COMPLETED,0.7299999999999999,13.0,1,2,0.001,0.0005,False,False
FAILED,,,2012,2,0.001,0.05,False,True
ABANDONED,,,1,2,10,0.0005,True,True
FAILED,,,1,2,10,0.0312751990510431,True,True
COMPLETED,0.7299999999999999,1.0,5000,5000,0.001,0.0155551005810158,False,False
COMPLETED,0.7299999999999999,1.0,1,901,10,0.0005,False,False
FAILED,,,2335,2,0.001,0.0360572467595817,True,True
COMPLETED,0.7299999999999999,1.0,1,5000,0.001,0.0005,False,False
FAILED,,,1,2,0.001,0.026609348449787,False,True
FAILED,,,1,2,0.001,0.0457015865904633,False,True
FAILED,,,5000,2,0.001,0.0059211481653686,True,True
FAILED,,,1343,2,0.001,0.0382962729791374,True,True
FAILED,,,2523,2,0.001,0.0427030946745653,True,True
FAILED,,,1,2,0.001,0.040493849093189,False,True
FAILED,,,1,2,0.001,0.0361701280047201,True,True
FAILED,,,5000,2,10,0.0396609757413543,True,True
FAILED,,,5000,2,0.001,0.0355188209870958,True,True
FAILED,,,5000,2,0.001,0.0205455698744856,True,True
FAILED,,,1,2,0.001,0.0411883949208556,True,True
FAILED,,,5000,2,0.001,0.0417177330347401,False,True
FAILED,,,1,2,0.001,0.035589729292636,False,True
FAILED,,,4286,2,0.001,0.0420340213190869,True,True
FAILED,,,1,2,0.001,0.0299900330277946,True,True
FAILED,,,5000,2,0.001,0.0279705244626966,True,True
FAILED,,,1903,2,0.001,0.05,True,True
FAILED,,,5000,2,0.001,0.0128158956796126,True,True
FAILED,,,2523,2,0.001,0.035407793862067,True,True
FAILED,,,5000,2,0.001,0.0423899586190076,True,True
FAILED,,,1,2,0.001,0.0450218189066064,False,True
FAILED,,,1,2,0.001,0.0450414412363398,True,True
COMPLETED,0.7299999999999999,1.0,5000,1624,10,0.05,False,False
FAILED,,,5000,2,0.001,0.0312642154339981,False,True
FAILED,,,5000,2,4.740268404944636,0.05,True,True
FAILED,,,1,2,0.001,0.0255950605296412,False,True
FAILED,,,1273,2,0.001,0.0388929317872868,True,True
COMPLETED,0.7299999999999999,12.0,5000,2,0.001,0.0005,False,False
FAILED,,,3523,2,0.001,0.05,True,True
FAILED,,,1,2,0.001,0.0151303918325536,True,True
FAILED,,,1903,2,0.001,0.0490254444478651,False,True
FAILED,,,5000,2,0.001,0.0377663771887155,False,True
FAILED,,,1,2,10,0.0243535653079304,True,True
COMPLETED,0.7299999999999999,1.0,1,5000,10,0.0417627212652783,False,False
COMPLETED,0.7299999999999999,1.0,1,1472,0.001,0.05,False,False
FAILED,,,1,2,0.001,0.0383970682222183,True,True
COMPLETED,0.7299999999999999,33.0,5000,1624,10,0.0005,True,False
FAILED,,,5000,2,0.001,0.0447015260646031,False,True
FAILED,,,1,2,0.001,0.0325710676801008,True,True
FAILED,,,1,2,0.001,0.0137162863729829,False,True
COMPLETED,0.7399999999999999,4.0,1,33,0.001,0.05,True,False
FAILED,,,5000,2,0.001,0.0461903463409655,True,True
FAILED,,,1,2,10,0.040945843340084,False,True
FAILED,,,1,2,0.001,0.0313861575134666,False,True
FAILED,,,442,2,0.001,0.0400206139046041,True,True
FAILED,,,5000,2,0.001,0.0499883492364598,True,True
FAILED,,,1,2,0.001,0.0402174800947758,False,True
FAILED,,,5000,2,0.001,0.035989366325383,True,True
FAILED,,,1,2,0.001,0.0336360929009701,True,True
FAILED,,,5000,2,0.001,0.0452112253407955,False,True
FAILED,,,2298,2,0.001,0.0382774754741494,True,True
FAILED,,,5000,2,0.001,0.0198781305409856,True,True
FAILED,,,5000,2,9.912226267879074,0.0420306124186221,True,True
FAILED,,,1,2,0.001,0.0390288372744386,True,True
FAILED,,,1,2,0.001,0.0349405348824841,False,True
FAILED,,,2298,2,0.001,0.05,True,True
FAILED,,,5000,2,0.001,0.0425109600099487,True,True
FAILED,,,5000,2,0.001,0.0374627682597313,False,True
FAILED,,,1,2,0.001,0.0292934060534789,True,True
FAILED,,,5000,2,0.001,0.0274868158605779,True,True
FAILED,,,5000,2,4.729065234328085,0.0491891339551481,True,True
FAILED,,,1,2,0.001,0.0438109795546484,True,True
FAILED,,,5000,2,0.001,0.0132567959794447,True,True
FAILED,,,1,2,0.001,0.0237806600379841,True,True
FAILED,,,7,2,0.001,0.0443373645130429,False,True
ABANDONED,,,1,2,10,0.0005,False,True
FAILED,,,1,2,0.001,0.0275857160203595,False,True
FAILED,,,1,2,0.001,0.0366391455941972,True,True
FAILED,,,5000,2,0.001,0.0321743504700603,True,True
FAILED,,,1,2,10,0.0404366170786,False,True
FAILED,,,1,2,10,0.0316865670856318,True,True
FAILED,,,5000,2,10,0.025063291959467,True,True
FAILED,,,1,2,10,0.0369925853547156,True,True
FAILED,,,5000,2,0.001,0.0417914188150924,False,True
FAILED,,,1,2,0.001,0.0051681189137781,True,True
FAILED,,,2298,2,0.001,0.05,False,True
FAILED,,,1,2,0.001,0.0372736319386741,False,True
FAILED,,,2655,2,0.001,0.0427245144782993,True,True
COMPLETED,0.7299999999999999,47.0,1,1213,10,0.05,True,False
FAILED,,,1173,2,0.001,0.05,True,True
FAILED,,,3568,2,0.001,0.05,True,True
FAILED,,,1,2,0.001,0.0137604926341577,True,True
FAILED,,,5000,2,0.001,0.029113899280442,False,True
FAILED,,,5000,2,5.408637104121194,0.0362592876038883,True,True
FAILED,,,3568,2,0.001,0.038759745973991,True,True
FAILED,,,2298,2,0.001,0.0321363231294816,True,True
COMPLETED,0.7299999999999999,8.0,5000,1350,0.001,0.05,True,False
FAILED,,,1,2,0.001,0.0394051781994078,True,True
FAILED,,,5000,2,0.001,0.0432975305371931,True,True
FAILED,,,1,2,0.001,0.0442083294992651,False,True
FAILED,,,1,2,0.001,0.0365866073261371,False,True
FAILED,,,1,2,0.001,0.0324846688136662,True,True
FAILED,,,5000,2,10,0.0395412250256979,True,True
FAILED,,,5000,2,0.001,0.0321725957495865,True,True
COMPLETED,0.75,99.0,2636,31,0.001,0.0392003833473614,True,True
FAILED,,,5000,2,0.001,0.0408256515106739,False,True
FAILED,,,5000,2,0.001,0.0197950101576619,True,True
FAILED,,,2171,2,0.001,0.05,True,True
FAILED,,,5000,2,0.001,0.0384924673684566,True,True
FAILED,,,1,2,0.001,0.0270820450724316,True,True
FAILED,,,1,2,10,0.0317433575904236,True,True
FAILED,,,1,2,0.001,0.0406830667528462,False,True
FAILED,,,1,2,0.001,0.025164970269042,False,True
FAILED,,,1,2,0.001,0.035772983393352,True,True
FAILED,,,1,2,0.001,0.0315235221672075,False,True
FAILED,,,1492,2,0.001,0.0385562890851058,True,True
FAILED,,,5000,2,0.001,0.0273214386793798,True,True
FAILED,,,1,2,0.001,0.0433745770157401,True,True
FAILED,,,5000,2,4.16941494195184,0.05,True,True
FAILED,,,5000,2,10,0.0387087146265351,False,True
FAILED,,,5000,2,0.001,0.0134058165181538,True,True
FAILED,,,3560,2,0.001,0.05,True,True
FAILED,,,1,2,0.001,0.0201304693626759,True,True
FAILED,,,5000,2,0.001,0.0357334556469991,False,True
FAILED,,,2171,2,0.001,0.05,False,True
FAILED,,,5000,2,0.001,0.0452419737117231,False,True
FAILED,,,2571,2,0.001,0.0359110745686776,True,True
FAILED,,,1,2,0.001,0.0104633193048263,True,True
FAILED,,,5000,2,10,0.0233000127482935,True,True
FAILED,,,1492,2,0.001,0.0403503203570452,False,True
FAILED,,,1,2,6.612662122964392,0.0411085492726233,True,True
FAILED,,,1074,2,0.001,0.05,True,True
FAILED,,,1,2,10,0.0184781648656518,True,True
FAILED,,,1,2,0.001,0.0295720460791094,True,True
FAILED,,,5000,2,0.001,0.0234413721266868,True,True
FAILED,,,5000,2,0.001,0.0083875972649251,True,True
FAILED,,,1,2,0.001,0.0146925620693929,False,True
FAILED,,,1,2,10,0.0379736844422394,False,True
FAILED,,,1,2,0.001,0.0372499938943483,True,True
FAILED,,,2171,2,0.001,0.0423868272712459,True,True
COMPLETED,0.75,80.0,1,33,0.001,0.0363105669050077,True,True
FAILED,,,1,2,0.001,0.0342690979744429,True,True
FAILED,,,5000,2,0.001,0.0384678517726321,True,True
FAILED,,,1,2,0.001,0.0367314325066383,False,True
FAILED,,,5000,2,0.001,0.0252857869695289,True,True
FAILED,,,5000,2,10,0.046872718394787,True,True
FAILED,,,1,2,0.001,0.0280681089678374,True,True
FAILED,,,1,2,0.001,0.0412284126631089,True,True
FAILED,,,5000,2,10,0.0348174661900332,False,True
FAILED,,,1,2,0.001,0.0307539908721407,False,True
FAILED,,,1,2,0.001,0.042556486731445,False,True
FAILED,,,5000,2,0.001,0.0323321793749963,True,True
FAILED,,,5000,2,0.001,0.0410586426531295,False,True
FAILED,,,5000,2,0.001,0.0143311394981963,True,True
FAILED,,,2136,2,0.001,0.05,True,True
FAILED,,,1,2,10,0.0187502381450439,True,True
FAILED,,,5000,2,10,0.0354856650725845,True,True
FAILED,,,5000,2,0.001,0.0359810441554979,False,True
FAILED,,,1,2,10,0.0340618124419735,False,True
FAILED,,,5000,2,4.471717389304767,0.05,True,True
FAILED,,,3528,2,0.001,0.05,True,True
COMPLETED,0.7399999999999999,18.0,1,3347,0.001,0.0005,True,False
FAILED,,,1,2,10,0.0272821021537956,True,True
FAILED,,,1,2,10,0.0349304066059504,True,True
FAILED,,,1,2,0.001,0.0237741051128772,True,True
COMPLETED,0.7399999999999999,79.0,1490,12,0.001,0.0339357254834489,True,True
FAILED,,,5000,2,0.001,0.0426270814083267,True,True
FAILED,,,1,2,0.001,0.0369351491971032,True,True
FAILED,,,1,2,0.001,0.0318004303162964,True,True
FAILED,,,1,2,10,0.0259467205413705,False,True
FAILED,,,5000,2,0.001,0.0070216296740449,True,True
FAILED,,,5000,2,10,0.0272800659731231,True,True
FAILED,,,1,2,0.001,0.0212621245343974,False,True
FAILED,,,5000,2,10,0.0005,True,False
COMPLETED,0.7299999999999999,25.0,1,5000,0.001,0.0234402256149868,True,False
COMPLETED,0.7299999999999999,25.0,1,5000,10,0.0005,True,False
FAILED,,,1,2,0.001,0.0457219906793637,True,True
COMPLETED,0.7299999999999999,1.0,172,2069,0.001,0.0188370143371211,False,False
FAILED,,,5000,2,0.001,0.0199892491840337,True,True
FAILED,,,5000,2,0.001,0.0297712141143288,False,True
FAILED,,,2136,2,0.001,0.0392595997759499,True,True
COMPLETED,0.7299999999999999,1.0,5000,1946,0.001,0.0097075037652836,False,False
FAILED,,,1,2,0.001,0.0344022913430878,True,True
FAILED,,,5000,2,0.001,0.0351600166002367,True,True
FAILED,,,1,2,0.001,0.036555813195698,False,True
FAILED,,,1,2,0.001,0.0255101876567286,True,True
FAILED,,,5000,2,0.001,0.0232246295309812,True,True
FAILED,,,1,2,0.001,0.0417632944197609,True,True
FAILED,,,5000,2,0.001,0.0413041343636973,True,True
FAILED,,,5000,2,0.001,0.0337658196351506,False,True
FAILED,,,1,2,10,0.0296892811534651,True,True
FAILED,,,1,2,0.001,0.0301294325260499,False,True
FAILED,,,5000,2,0.001,0.0296769170348809,True,True
FAILED,,,2587,2,0.001,0.05,True,True
FAILED,,,5000,2,0.001,0.0129540365688971,True,True
FAILED,,,5000,2,0.001,0.043046139563151,False,True
FAILED,,,1,2,0.001,0.0443700801149028,False,True
FAILED,,,1,2,0.001,0.0308727466841777,True,True
FAILED,,,5000,2,5.276625657545505,0.05,True,True
COMPLETED,0.7299999999999999,1.0,1,2033,10,0.0088117007815839,False,False
COMPLETED,0.7299999999999999,1.0,1,1300,0.001,0.0005,False,False
FAILED,,,1,2,10,0.0366523953331711,False,True
FAILED,,,1,2,10,0.0005,True,False
FAILED,,,5000,2,0.001,0.017927223322655,True,True
COMPLETED,0.7299999999999999,18.0,5000,5000,0.001,0.0127203887694923,True,False
FAILED,,,5000,2,0.001,0.0062961468834262,True,True
FAILED,,,1,2,0.001,0.0005,False,True
FAILED,,,1,2,0.001,0.0377684369703235,True,True
FAILED,,,5000,2,10,0.0265745838276791,True,True
FAILED,,,1,2,10,0.0246369407630847,True,True
COMPLETED,0.7299999999999999,18.0,5000,5000,10,0.0240425439261242,True,False
COMPLETED,0.7299999999999999,1.0,1,3079,10,0.0005,False,False
FAILED,,,1,2,10,0.0431320249348421,True,True
FAILED,,,1,2,0.001,0.0184036702153351,True,True
FAILED,,,1,2,0.001,0.0461284471111664,True,True
FAILED,,,1,2,0.001,0.0407485105039428,False,True
COMPLETED,0.7399999999999999,10.0,1,1871,0.001,0.05,True,False
FAILED,,,1,2,10,0.010492246817941,False,True
COMPLETED,0.7299999999999999,1.0,5000,2187,10,0.0138375053218481,False,False
FAILED,,,5000,2,0.001,0.0382959158230727,False,True
FAILED,,,5000,2,10,0.0356722262892161,True,True
FAILED,,,5000,2,0.001,0.0452249784318069,True,True
COMPLETED,0.7299999999999999,1.0,5000,1038,0.001,0.05,False,False
FAILED,,,1,2,0.001,0.0369972410180158,False,True
FAILED,,,1,2,0.001,0.0300131714631824,True,True
FAILED,,,5000,2,0.001,0.0371290828996953,True,True
FAILED,,,5000,2,0.001,0.0271439284878518,True,True
FAILED,,,1,2,0.001,0.0377774677502438,True,True
FAILED,,,1,2,0.001,0.0298831921780441,False,True
FAILED,,,1,2,10,0.0265371312432181,True,True
FAILED,,,5000,2,0.001,0.0145629489759633,True,True
FAILED,,,5000,2,0.001,0.0400982912601704,False,True
FAILED,,,5000,2,4.450456215499277,0.05,True,True
FAILED,,,1,2,0.001,0.0243793638890254,True,True
FAILED,,,1,2,0.001,0.0423609337833715,True,True
FAILED,,,5000,2,0.001,0.0433435023074921,True,True
FAILED,,,1,2,0.001,0.004032702181001,True,True
FAILED,,,1,2,0.001,0.0333651615637477,True,True
FAILED,,,5000,2,0.001,0.0355117981928376,False,True
COMPLETED,0.75,98.0,4905,65,6.297244232667853,0.0262204926692758,True,True
FAILED,,,1,2,10,0.034870607617561,True,True
FAILED,,,1,2,0.001,0.0436400151307128,False,True
FAILED,,,5000,2,0.001,0.0321189103560507,True,True
FAILED,,,5000,2,10,0.039881887566424,False,True
FAILED,,,5000,2,10,0.0386586517863361,True,True
FAILED,,,2398,2,0.001,0.05,True,True
FAILED,,,5000,2,10,0.0303213761171701,True,True
FAILED,,,5000,2,0.001,0.0201767762277222,True,True
FAILED,,,5000,2,7.231715956757298,0.05,True,True
COMPLETED,0.7399999999999999,11.0,1,1283,0.001,0.0005,True,False
COMPLETED,0.7299999999999999,6.0,1,401,0.001,0.0005,True,False
FAILED,,,1,2,10,0.0301300267401769,False,True
FAILED,,,1,2,5.008300756814897,0.05,True,True
FAILED,,,5000,2,0.001,0.0211786998250732,False,True
FAILED,,,5000,2,4.542334906356444,0.0299428292465363,True,True
FAILED,,,1,2,3.4122844662703007,0.0156252668366257,True,True
FAILED,,,5000,2,0.001,0.0442549076242103,False,True
FAILED,,,5000,2,0.001,0.0080723530599317,True,True
COMPLETED,0.7299999999999999,13.0,1,2,10,0.0005,False,False
FAILED,,,5000,2,10,0.0431748634939344,True,True
FAILED,,,5000,2,10,0.0144511984801984,True,True
COMPLETED,0.7299999999999999,12.0,1,3127,0.001,0.05,True,False
FAILED,,,1,2,0.001,0.0459742630882358,True,True
FAILED,,,5000,2,10,0.0387552727926073,True,True
FAILED,,,5000,2,10,0.0412197013791722,False,True
FAILED,,,1,2,10,0.0379585743760639,False,True
FAILED,,,1,2,10,0.0377619764968019,True,True
ABANDONED,,,1,2,0.0010000000000003,0.0005,True,True
FAILED,,,5000,2,4.983184127620848,0.0380551425387609,True,True
ABANDONED,,,5000,2,0.001,0.0005,False,True
FAILED,,,5000,2,10,0.0375300281418428,False,True
FAILED,,,5000,2,1.8827648144249851,0.0361098593920214,True,True
FAILED,,,1,2,10,0.0438791586724264,False,True
FAILED,,,5000,2,0.001,0.0290683287766068,True,True
FAILED,,,5000,2,4.582978824244804,0.05,False,True
FAILED,,,5000,2,5.388757448731972,0.05,True,True
FAILED,,,5000,2,10,0.0410774099970398,True,True
FAILED,,,5000,2,10,0.0355026623288063,True,True
FAILED,,,5000,2,10,0.0391768828551018,False,True
COMPLETED,0.7299999999999999,1.0,3566,761,10,0.0197401993053089,False,False
FAILED,,,1,2,10,0.0419714135230916,True,True
FAILED,,,5000,2,4.673116262777694,0.0005,True,True
FAILED,,,1,2,10,0.0402945062814117,False,True
FAILED,,,5000,2,10,0.0438199735079313,False,True
FAILED,,,5000,2,7.272906067064806,0.0379433922205864,True,True
FAILED,,,5000,2,10,0.044699957177836,True,True
FAILED,,,5000,2,10,0.0005,False,True
FAILED,,,5000,2,0.001,0.0114671780565697,True,True
FAILED,,,1,2,10,0.0353083164294176,True,True
COMPLETED,0.7299999999999999,16.0,1,2,10,0.0396546438187919,False,False
FAILED,,,1,2,6.629613532703271,0.0005,True,True
FAILED,,,5000,2,10,0.0266171009215656,True,True
FAILED,,,5000,2,3.4561646467220952,0.0372305467675854,True,True
FAILED,,,1,2,10,0.0471044097634742,False,True
FAILED,,,5000,2,2.1945322745012867,0.05,True,True
FAILED,,,5000,2,0.001,0.0064649038915843,True,True
FAILED,,,5000,2,0.001,0.0371546370997278,True,True
FAILED,,,5000,2,0.001,0.0208016078544739,True,True
FAILED,,,1,2,10,0.0351457987251462,False,True
FAILED,,,5000,2,10,0.0370160213391452,True,True
FAILED,,,5000,2,7.04701710535304,0.0384074383973331,False,True
FAILED,,,1,2,5.720208889104788,0.0390596845710059,True,True
FAILED,,,5000,2,0.001,0.0316806972179834,True,True
COMPLETED,0.75,78.0,1,33,0.001,0.0274043898030932,True,True
FAILED,,,1,2,0.001,0.0296560642061763,True,True
FAILED,,,1,2,10,0.0280435093416857,True,True
FAILED,,,1,2,0.001,0.0362042709271784,True,True
FAILED,,,1,2,0.001,0.0318423435372484,False,True
FAILED,,,5000,2,5.01096953593327,0.05,True,True
FAILED,,,5000,2,0.001,0.0155126122056626,True,True
FAILED,,,5000,2,0.001,0.039578433353243,True,True
FAILED,,,1,2,0.001,0.0236956000029962,True,True
FAILED,,,1,2,10,0.0386759812630586,True,True
FAILED,,,5000,2,0.001,0.0258003975547982,True,True
FAILED,,,5000,2,0.001,0.0340988014830152,False,True
FAILED,,,1,2,0.001,0.0412858913513481,False,True
FAILED,,,5000,2,10,0.030452582738294,True,True
FAILED,,,5000,2,0.001,0.038696768662326,False,True
FAILED,,,5000,2,10,0.0388667375248108,True,True
FAILED,,,1,2,0.001,0.0266885953150347,False,True
FAILED,,,1,2,0.001,0.0327571375060885,True,True
FAILED,,,1,2,10,0.0347071153721349,False,True
FAILED,,,1,2,0.001,0.0273575400804915,True,True
FAILED,,,1,2,0.001,0.0416061613881978,True,True
FAILED,,,5000,2,10,0.0145603710687438,True,True
FAILED,,,1,2,10,0.014582564774414,True,True
FAILED,,,1,2,10,0.0333682546656465,True,True
FAILED,,,1,2,10,0.0250693873067558,False,True
FAILED,,,5000,2,0.001,0.0356198942387236,True,True
COMPLETED,0.7299999999999999,1.0,1,3079,10,0.0346206325234874,False,False
FAILED,,,5000,2,0.001,0.0443767231128029,True,True
COMPLETED,0.7299999999999999,27.0,1,2750,10,0.0356899931904474,True,False
FAILED,,,5000,2,0.001,0.0095360207277578,True,True
FAILED,,,1,2,10,0.0234370952202654,True,True
COMPLETED,0.7299999999999999,1.0,1,5000,0.001,0.0372442827484685,False,False
FAILED,,,2520,2,0.001,0.05,True,True
COMPLETED,0.7299999999999999,8.0,5000,425,0.001,0.0005,True,False
FAILED,,,5,3,4.240306813943448,0.05,True,True
FAILED,,,1,2,0.001,0.0190177134965084,True,True
FAILED,,,2520,2,0.001,0.0276371435472928,True,True
COMPLETED,0.75,94.0,4897,33,3.813241117399552,0.0307616194252429,True,True
FAILED,,,5000,2,2.105587870806206,0.05,True,True
COMPLETED,0.7299999999999999,23.0,1,5000,10,0.05,True,False
FAILED,,,5000,2,4.540791930231419,0.016900257874218,True,True
COMPLETED,0.75,104.0,5000,200,0.001,0.05,False,True
FAILED,,,1,2,10,0.0415852784388725,True,True
ABANDONED,,,5000,2,7.18096020814578,0.0005,True,True
FAILED,,,5000,2,10,0.039421997069483,True,True
COMPLETED,0.75,92.0,5000,72,10,0.05,False,True
FAILED,,,5000,2,0.001,0.0101141510368669,True,True
FAILED,,,1,2,10,0.03743675519932,True,True
COMPLETED,0.75,77.0,5000,71,10,0.042559328291893,True,True
FAILED,,,1,2,10,0.0377374183391745,True,True
COMPLETED,0.75,88.0,5000,177,10,0.05,True,True
FAILED,,,1,2,10,0.0124584897093804,True,True
FAILED,,,5000,2,0.001,0.011797390378242,True,True
COMPLETED,0.7399999999999999,13.0,1,528,0.001,0.05,True,False
COMPLETED,0.7399999999999999,171.0,1919,306,10,0.05,False,True
COMPLETED,0.7399999999999999,8.0,1,1300,0.001,0.042818229553965,True,False
FAILED,,,1,2,10,0.008491757523538,True,True
FAILED,,,1,2,10,0.0324228782265268,True,True
COMPLETED,0.7299999999999999,1.0,4160,2975,0.001,0.015379693426816,False,False
FAILED,,,1,2,10,0.0146504167513903,True,True
FAILED,,,1,2,10,0.0374274027597408,True,True
COMPLETED,0.7399999999999999,74.0,5000,19,0.001,0.05,True,True
COMPLETED,0.7299999999999999,1.0,2803,676,10,0.0396529841595901,False,False
FAILED,,,5000,2,0.001,0.0106470198610239,True,True
FAILED,,,1,2,10,0.036131458456397,True,True
ABANDONED,,,1,2,8.982457336155582,0.05,True,False
FAILED,,,1,2,10,0.0083672777371292,True,True
FAILED,,,1,2,0.001,0.0165256527306994,True,True
FAILED,,,5000,2,0.001,0.0085656215794466,True,True
COMPLETED,0.75,71.0,1,33,5.518090741002756,0.0470984199664335,True,True
FAILED,,,1968,2,0.001,0.0127541210927484,True,True
FAILED,,,1,2,10,0.0332843185892277,True,True
FAILED,,,5000,2,0.001,0.0080844561942029,True,True
FAILED,,,5000,2,10,0.0400972442493118,False,True
FAILED,,,1,2,10,0.0116613571614452,True,True
COMPLETED,0.7299999999999999,93.0,1,632,10,0.0005,True,False
FAILED,,,5000,2,0.001,0.0166729973593291,True,True
FAILED,,,1,2,10,0.0321282686714925,True,True
FAILED,,,5000,2,10,0.0049670269024037,True,True
FAILED,,,1,2,0.001,0.0087469703720038,True,True
FAILED,,,1,2,10,0.0152243034493063,True,True
FAILED,,,1,2,10,0.0327632632134082,True,True
FAILED,,,5000,2,0.001,0.0153390356189107,True,True
COMPLETED,0.7299999999999999,1.0,1,5000,10,0.0005,False,False
FAILED,,,1,2,10,0.038714425487263,False,True
FAILED,,,1,2,10,0.0325525053276279,True,True
FAILED,,,1,2,10,0.0118112285688813,True,True
FAILED,,,5000,2,0.001,0.0099802973239256,True,True
FAILED,,,4821,6,10,0.0313024038816677,True,True
FAILED,,,1,2,10,0.0321877310671489,True,True
FAILED,,,1490,2,0.001,0.0112200252638947,True,True
FAILED,,,1,2,10,0.0127636031000175,True,True
FAILED,,,5000,2,0.001,0.0143400752936843,True,True
COMPLETED,0.7299999999999999,19.0,1430,4116,0.001,0.05,True,False
FAILED,,,1,2,10,0.0327089510184655,True,True
FAILED,,,1,2,10,0.0146002838028982,True,True
FAILED,,,1,2,10,0.0255845825447134,True,True
FAILED,,,527,2,0.001,0.0117089628309865,True,True
FAILED,,,1,2,10,0.0070556859772218,True,True
FAILED,,,1,2,10,0.0323752287137574,True,True
FAILED,,,1,2,10,0.0177202605564657,True,True
FAILED,,,4262,6,10,0.0352401021382302,True,True
COMPLETED,0.7299999999999999,18.0,1,4119,10,0.0005,True,False
FAILED,,,5000,2,0.001,0.0101162396382834,True,True
FAILED,,,1,2,10,0.0328329722487526,True,True
FAILED,,,1,2,10,0.0155635427482835,True,True
FAILED,,,5000,2,10,0.0306060600751766,True,True
FAILED,,,1,2,10,0.0318729581133691,True,True
FAILED,,,1,2,0.001,0.0122921454311146,True,True
FAILED,,,1,2,10,0.0136494486695651,True,True
FAILED,,,5000,2,0.001,0.0077057224464312,True,True
FAILED,,,1,2,10,0.0325678975219374,True,True
FAILED,,,1,2,10,0.0225812572164832,True,True
FAILED,,,1,2,10,0.0121209533685787,True,True
COMPLETED,0.75,83.0,4336,38,0.001,0.0126983299306672,True,True
FAILED,,,1,2,0.001,0.0100174929167595,True,True
FAILED,,,1,2,10,0.0334469935980549,True,True
FAILED,,,1,2,10,0.0194215081994076,True,True
FAILED,,,5000,2,0.001,0.0182583987857442,True,True
FAILED,,,1,2,10,0.0096742366650116,True,True
FAILED,,,1,2,10,0.0338158199342002,True,True
FAILED,,,1,2,0.001,0.0175257043234364,True,True
FAILED,,,1,2,10,0.0181292573857243,True,True
COMPLETED,0.7299999999999999,1.0,1,267,10,0.0098355510656015,False,False
COMPLETED,0.7299999999999999,20.0,263,4489,0.001,0.0069465512532917,True,False
FAILED,,,1,2,10,0.0336291619859974,True,True
FAILED,,,1,2,10,0.0180907595923424,True,True
FAILED,,,1,2,10,0.0339125110471535,True,True
FAILED,,,5000,2,0.001,0.0186931123926076,True,True
FAILED,,,5000,2,10,0.0398164331751228,False,True
FAILED,,,5000,2,10,0.0111179039453932,True,True
FAILED,,,1,2,10,0.021943492932139,True,True
FAILED,,,1,2,10,0.035514904887081,True,True
FAILED,,,1,2,10,0.0120144225632532,True,True
COMPLETED,0.7399999999999999,79.0,5000,19,0.001,0.0179375387351569,True,True
FAILED,,,1,2,10,0.0188525156069713,True,True
FAILED,,,1,2,10,0.0345575009594664,True,True
FAILED,,,1,2,10,0.0394657126987965,False,True
COMPLETED,0.7299999999999999,1.0,3885,3904,10,0.05,False,False
FAILED,,,5000,2,10,0.0147209850376687,True,True
FAILED,,,1,2,10,0.0071919248243457,True,True
FAILED,,,1,2,10,0.0341739381893913,True,True
COMPLETED,0.7299999999999999,49.0,1335,1456,7.5033702907606035,0.0410834277638591,True,False
FAILED,,,1,2,10,0.0158767441099678,True,True
COMPLETED,0.7299999999999999,250.0,5000,180,10,0.05,True,False
FAILED,,,4897,2,10,0.0114782509555381,True,True
FAILED,,,1,2,10,0.0347104463955593,True,True
COMPLETED,0.7299999999999999,1.0,1,485,0.001,0.0005,False,False
COMPLETED,0.7399999999999999,7.0,1,861,0.001,0.0005,True,False
FAILED,,,1,2,10,0.021449973491437,True,True
FAILED,,,1,2,10,0.0378697305917133,False,True
FAILED,,,1,2,10,0.0363928453883339,True,True
FAILED,,,1,2,10,0.0085059868037813,True,True
COMPLETED,0.7299999999999999,1.0,4721,4192,0.001,0.0452392583395279,False,False
FAILED,,,1,2,10,0.0387252264198502,False,True
COMPLETED,0.7299999999999999,1.0,1,528,0.001,0.0349018342896812,False,False
FAILED,,,1,2,10,0.0210798515764571,True,True
FAILED,,,1,2,10,0.0399764421367441,True,True
FAILED,,,5000,2,6.671238630398516,0.05,True,True
ABANDONED,,,1,2,4.962921559241789,0.0005,True,True
FAILED,,,5000,2,10,0.037947129109812,True,True
FAILED,,,1,2,10,0.0199986838609538,True,True
FAILED,,,1,2,10,0.0291237995399505,True,True
FAILED,,,5000,2,10,0.0398616815840241,True,True
FAILED,,,1,2,10,0.0361055284436081,True,True
FAILED,,,1,2,10,0.0140246803507626,True,True
FAILED,,,4616,3,8.216920397019752,0.04127259837605,True,True
FAILED,,,1,2,10,0.0348404926294546,True,True
FAILED,,,1,2,10,0.0414870297922054,True,True
FAILED,,,1,2,10,0.0144979546652366,True,True
FAILED,,,1,2,10,0.0294580454697793,True,True
COMPLETED,0.7299999999999999,1.0,1,528,0.001,0.05,False,False
FAILED,,,5000,2,10,0.0399210419785542,True,True
FAILED,,,1,2,10,0.0155299394961579,True,True
FAILED,,,1,2,10,0.0348302930138058,True,True
COMPLETED,0.7299999999999999,1.0,1,861,5.43918500058836,0.030742994380497,False,False
FAILED,,,1,2,10,0.0078629678896206,True,True
FAILED,,,5000,2,10,0.0382968266089461,False,True
FAILED,,,1,2,10,0.0290993641883698,True,True
FAILED,,,5000,2,10,0.0167187658697877,True,True
FAILED,,,5000,2,10,0.0063927027966232,True,True
FAILED,,,4999,2,10,0.0388864928934865,False,True
FAILED,,,1,2,10,0.0392976626178518,False,True
FAILED,,,1,2,10,0.0145973795856819,True,True
FAILED,,,1,2,10,0.033295909263749,True,True
FAILED,,,5000,2,0.001,0.0398772965442967,False,True
COMPLETED,0.7299999999999999,12.0,211,814,0.001,0.0452018445547524,True,False
FAILED,,,1,2,10,0.0384658984423321,False,True
COMPLETED,0.7299999999999999,33.0,1988,2291,10,0.0164216830086603,True,False
FAILED,,,1,2,10,0.0180222736083007,True,True
COMPLETED,0.7299999999999999,117.0,4754,5,10,0.0115086623809318,True,True
FAILED,,,1,2,10,0.0358565743101186,True,True
FAILED,,,1,2,10,0.0394999117890218,False,True
FAILED,,,5000,2,0.001,0.0393663762507862,False,True
FAILED,,,1,2,9.078472792887741,0.0223416298128763,True,True
FAILED,,,1,2,10,0.036604084706193,True,True
FAILED,,,1,2,1.7917985749392062,0.0005,False,True
FAILED,,,1,2,3.384491986477127,0.0175952187546613,True,True
FAILED,,,1,2,10,0.0397020753800416,False,True
FAILED,,,1,2,10,0.0261330425769694,True,True
COMPLETED,0.7299999999999999,20.0,1,3323,10,0.05,True,False
FAILED,,,1,2,10,0.0370858315462698,True,True
FAILED,,,1,2,10,0.0325673811114286,True,True
FAILED,,,5000,2,4.2482632980453054,0.05,True,True
FAILED,,,1,2,1.5438249993177569,0.05,True,True
FAILED,,,1,2,10,0.0296532188375241,True,True
FAILED,,,5000,2,4.700609340875165,0.05,True,True
FAILED,,,1,2,10,0.0414899337291509,True,True
FAILED,,,1,2,2.7456516911502913,0.05,True,True
FAILED,,,1,2,10,0.0287553486424702,True,True
FAILED,,,5000,2,4.480281944475102,0.05,True,True
FAILED,,,1,2,10,0.04131523859406,True,True
FAILED,,,1,2,2.291570156477668,0.014610622607455,True,True
FAILED,,,1,2,10,0.0281739536320267,True,True
FAILED,,,5000,2,3.856278894481529,0.05,True,True
FAILED,,,1,2,0.6268688999623401,0.05,True,True
FAILED,,,1,2,10,0.0396105297103016,True,True
FAILED,,,1,2,10,0.0283920299533651,True,True
FAILED,,,5000,2,3.974152469579796,0.05,True,True
FAILED,,,1,2,10,0.0347583054165715,True,True
FAILED,,,5000,2,4.62133405901701,0.05,True,True
FAILED,,,1,2,0.3822435424611977,0.05,True,True
FAILED,,,1,2,10,0.0332569047460813,True,True
FAILED,,,5000,2,4.225819029830395,0.05,True,True
FAILED,,,1,2,2.488392736479527,0.05,True,True
FAILED,,,1,2,10,0.0342464021415933,True,True
FAILED,,,1,2,10,0.0249138518705701,True,True
COMPLETED,0.75,1077.0,4530,401,4.4388251313061415,0.05,True,True
FAILED,,,1,2,3.583328756284143,0.05,True,True
FAILED,,,1,2,10,0.0383389416621982,True,True
FAILED,,,1,2,10,0.0245537262394467,True,True
FAILED,,,5000,2,3.844665441195666,0.05,True,True
FAILED,,,1,2,10,0.0390992872844643,True,True
FAILED,,,1,2,10,0.0274620294378504,True,True
FAILED,,,1,2,2.0292245627947336,0.05,True,True
FAILED,,,1,2,10,0.0360385228273039,False,True
FAILED,,,1,2,9.327084033914865,0.0303336309698579,True,True
FAILED,,,4657,2,4.232480725557645,0.05,True,True
FAILED,,,5000,2,4.162585537577041,0.0360367717708541,False,True
FAILED,,,1,2,10,0.0305695440856618,True,True
FAILED,,,1,2,10,0.0348707655282448,False,True
FAILED,,,5000,2,4.452975012477062,0.05,True,True
FAILED,,,1,2,10,0.0311520071411808,True,True
FAILED,,,5000,2,4.765882966696366,0.0365939940998466,False,True
FAILED,,,1,2,10,0.0334251634183476,False,True
FAILED,,,5000,2,4.269461945552949,0.05,True,True
FAILED,,,1,2,10,0.0283808674606063,True,True
FAILED,,,5000,2,8.558632068271466,0.0343096943541332,True,True
FAILED,,,1,2,10,0.0357274336797074,False,True
FAILED,,,1,2,10,0.0294071491124069,True,True
FAILED,,,1,2,10,0.036408930498376,False,True
FAILED,,,1,2,9.007236034092978,0.029267874530457,True,True
FAILED,,,5000,2,4.034173411943068,0.05,True,True
FAILED,,,1,2,0.001,0.039736861406573,False,True
FAILED,,,5000,2,4.890320566074469,0.0362741147773182,False,True
FAILED,,,1,2,10,0.038121768942679,False,True
FAILED,,,1,2,10,0.0290337042478294,True,True
FAILED,,,5000,2,4.135307172151944,0.05,True,True
FAILED,,,5000,2,2.9930532629418782,0.0376767840143229,False,True
FAILED,,,1,2,10,0.0295177151572205,True,True
FAILED,,,5000,2,4.467829832481402,0.05,True,True
FAILED,,,1,2,10,0.0345419415232328,False,True
FAILED,,,1,2,0.286038182605045,0.05,False,True
FAILED,,,1,2,10,0.0306055982934644,True,True
FAILED,,,5000,2,4.339898883906439,0.05,True,True
FAILED,,,5000,2,0.001,0.034861533064212,False,True
FAILED,,,1,2,10,0.0352622645001751,False,True
FAILED,,,1,2,10,0.0301044176097994,True,True
FAILED,,,1,2,10,0.0311613793152259,True,True
FAILED,,,1,2,10,0.0383662269729631,False,True
FAILED,,,5000,2,4.373092947052236,0.05,True,True
FAILED,,,5000,2,7.523693613615258,0.034028710705346,True,True
FAILED,,,1,2,10,0.0352573797408171,False,True
FAILED,,,1,2,10,0.0287624413160752,True,True
FAILED,,,1,2,4.911539665088621,0.05,False,True
FAILED,,,5000,2,4.289443753135084,0.05,True,True
FAILED,,,1,2,6.271478006251196,0.035341257658277,True,True
FAILED,,,1,2,10,0.0375297875002456,False,True
FAILED,,,1,2,4.4540033742223,0.05,False,True
FAILED,,,1,2,10,0.0283336020345905,True,True
FAILED,,,5000,2,4.405282081730514,0.05,True,True
FAILED,,,5000,2,4.55595882262288,0.0358515091983066,False,True
FAILED,,,1,2,10,0.0352646492477661,False,True
FAILED,,,1,2,10,0.029718459153303,True,True
FAILED,,,5000,2,4.216145166873182,0.05,True,True
FAILED,,,1,2,4.357746462510474,0.05,False,True
FAILED,,,1,2,10,0.0360836784362903,False,True
FAILED,,,1,2,10,0.029549450498865,True,True
FAILED,,,1,2,4.400794367441924,0.044144589521147,False,True
FAILED,,,5000,2,4.009261464779851,0.05,True,True
FAILED,,,1,2,10,0.0352223422438859,False,True
FAILED,,,5000,2,0.001,0.0352102579079097,False,True
FAILED,,,1,2,9.315287523875213,0.0308735618130428,True,True
FAILED,,,5000,2,4.144921188572296,0.05,True,True
FAILED,,,1,2,10,0.0330799542330358,False,True
FAILED,,,1,2,10,0.0312917558199433,True,True
FAILED,,,5000,2,0.001,0.0363603246227005,False,True
FAILED,,,5000,2,4.278944153397518,0.05,True,True
FAILED,,,1,2,10,0.0317872257563765,False,True
FAILED,,,1,2,9.979390045325871,0.0296593611208523,True,True
FAILED,,,5000,2,5.305258101149563,0.0372846959372422,False,True
FAILED,,,1,2,10,0.0355129910200924,False,True
FAILED,,,1,2,10,0.0374065662379469,False,True
FAILED,,,1,2,10,0.0297888535364208,True,True
FAILED,,,5000,2,4.119258103181336,0.05,True,True
FAILED,,,1,2,0.0186924946531193,0.05,False,True
FAILED,,,1,2,10,0.0350316786975123,False,True
FAILED,,,1,2,9.777519337699875,0.0312020914885086,True,True
FAILED,,,5000,2,6.328721910459902,0.0356049163965356,False,True
FAILED,,,5000,2,4.141921635857682,0.05,True,True
FAILED,,,1,2,10,0.0418433396505955,False,True
FAILED,,,1,2,10,0.028104790067342,True,True
FAILED,,,1,2,3.5406075794060103,0.05,False,True
FAILED,,,5000,2,10,0.0317221675850131,False,True
COMPLETED,0.75,90.0,5000,71,4.123518201060638,0.05,True,True
FAILED,,,1,2,10,0.0315641065514538,True,True
FAILED,,,1,2,10,0.0378799860137636,False,True
FAILED,,,4897,2,3.4558367740722926,0.0364021987650143,False,True
FAILED,,,1,2,10,0.0284967802721451,True,True
FAILED,,,1,2,10,0.0397591287457741,False,True
FAILED,,,1,2,9.979100895277185,0.0362834778241279,False,True
FAILED,,,1,2,9.875323104927297,0.0295756068569595,True,True
FAILED,,,5000,2,0.001,0.0347054850024268,False,True
FAILED,,,5000,2,5.720758349512103,0.0339504478948533,True,True
FAILED,,,1,2,10,0.0355409257969793,False,True
FAILED,,,1,2,10,0.028733072934666,True,True
FAILED,,,5000,2,0.001,0.0366110850606936,False,True
FAILED,,,1,2,2.9899159618900994,0.05,False,True
FAILED,,,1,2,10,0.0414661644501112,False,True
FAILED,,,5000,2,5.746806710124018,0.0353332846780929,True,True
FAILED,,,1,2,10,0.0293546929928703,True,True
FAILED,,,1,2,0.001,0.0374784478540291,False,True
FAILED,,,5000,2,10,0.0349182671659268,False,True
FAILED,,,5000,2,0.001,0.0348891264329892,False,True
FAILED,,,1,2,10,0.0305333151650941,True,True
FAILED,,,1,2,10,0.031229660755968,False,True
FAILED,,,1,2,6.422479227975416,0.05,False,True
FAILED,,,1,2,4.873137895879781,0.0325131388844143,True,True
FAILED,,,1,2,8.254610194208134,0.0356962274796451,False,True
FAILED,,,5000,2,0.0010129439267958,0.0358648216706094,False,True
FAILED,,,1,2,10,0.0295919310227848,True,True
FAILED,,,1,2,3.888610175121764,0.05,False,True
FAILED,,,3623,2,10,0.0355164701334418,False,True
FAILED,,,5000,2,5.285240182212814,0.035164077037668,True,True
FAILED,,,1,2,0.001,0.0364403957173449,False,True
FAILED,,,1,2,10,0.0292848726310582,True,True
FAILED,,,1,2,10,0.0375164976970507,False,True
FAILED,,,5000,2,0.1450586390606229,0.0350151920735319,False,True
FAILED,,,1,2,9.87867279808222,0.0290094301450294,True,True
FAILED,,,1,2,10,0.0379376589085073,False,True
FAILED,,,5000,2,5.1691507425355905,0.0328183622753897,True,True
FAILED,,,5000,2,0.001,0.0357900498812889,False,True
FAILED,,,1,2,10,0.0298213001477314,True,True
FAILED,,,5000,2,10,0.0351845676712836,False,True
FAILED,,,1,2,10,0.0304950121761859,True,True
FAILED,,,5000,2,4.407698400948628,0.0352654932696548,False,True
FAILED,,,1,2,10,0.0370994156566102,False,True
FAILED,,,1,2,4.546554416474096,0.05,False,True
FAILED,,,1,2,10,0.0283760997479422,True,True
FAILED,,,1,2,0.001,0.0393042570177341,False,True
FAILED,,,5000,2,10,0.0378300187496931,False,True
FAILED,,,1,2,10,0.037281113728928,False,True
FAILED,,,1,2,9.054122202164375,0.0302035631156817,True,True
FAILED,,,5000,2,5.789781415113172,0.0345089313076806,True,True
FAILED,,,1,2,10,0.0362248772134388,False,True
FAILED,,,1,2,10,0.0317863746804425,True,True
FAILED,,,1,2,4.185973493926136,0.05,False,True
FAILED,,,5000,2,0.001,0.0405192464867202,False,True
FAILED,,,1,2,4.952383361721635,0.0298846962662923,True,True
FAILED,,,1,2,10,0.0376310671905689,False,True
FAILED,,,5000,2,10,0.0338438112924767,False,True
FAILED,,,1,2,10,0.0293847778935688,True,True
FAILED,,,1,2,9.001450900398748,0.0362362458357573,False,True
FAILED,,,1,2,10,0.0303976465870325,True,True
FAILED,,,5000,2,3.513550002066273,0.0355020021261607,False,True
FAILED,,,1,2,10,0.0315194409439627,True,True
FAILED,,,1,2,10,0.0319644185702214,False,True
FAILED,,,5000,2,0.001,0.0352930768913826,False,True
FAILED,,,5000,2,5.034190911069248,0.0356737096797449,True,True
FAILED,,,1,2,10,0.0290425960954171,True,True
FAILED,,,5000,2,4.002663694338287,0.0356196388685378,False,True
FAILED,,,1,2,10,0.0327526028325058,False,True
FAILED,,,1,2,9.742687005103114,0.0287060441771366,True,True
FAILED,,,5000,2,1.8610363160697976,0.0371796287625856,False,True
FAILED,,,1,2,10,0.0377317423026959,False,True
FAILED,,,1,2,7.327718581012374,0.05,False,True
FAILED,,,1,2,8.540470466425514,0.0371013266162635,False,True
FAILED,,,1,2,10,0.0296046362123158,True,True
FAILED,,,5000,2,4.025293490108396,0.0382559672798208,False,True
FAILED,,,5000,2,10,0.0358822496038571,False,True
FAILED,,,1,2,10,0.0290061349402339,True,True
FAILED,,,1,2,0.001,0.0417285126715331,False,True
FAILED,,,5000,2,4.444594895910437,0.0359910714646855,False,True
FAILED,,,5000,2,4.979876504135815,0.0353988731845516,True,True
FAILED,,,1,2,10,0.0287087525171346,True,True
FAILED,,,1,2,10,0.0383620492956549,False,True
FAILED,,,1,2,10,0.0289417846874643,True,True
FAILED,,,5000,2,5.688169952995652,0.0355162812716374,False,True
FAILED,,,1,2,10,0.0351776281236525,False,True
FAILED,,,5000,2,5.00235550852694,0.0328180989576437,True,True
FAILED,,,1,2,9.22974904820012,0.0365623194973385,False,True
FAILED,,,1,2,10,0.0311625427226943,True,True
FAILED,,,5000,2,0.001,0.036485684994539,False,True
FAILED,,,5000,2,10,0.0341837754888032,False,True
FAILED,,,5000,2,10,0.0309846948572841,True,True
FAILED,,,1,2,10,0.0282790972217559,True,True
FAILED,,,1,2,10,0.0384741264710184,False,True
FAILED,,,5000,2,1.0411851098498,0.0350452551277948,False,True
FAILED,,,1,2,10,0.030572531543563,True,True
FAILED,,,5000,2,4.72405099786328,0.034222919116576,True,True
FAILED,,,1,2,10,0.0330331029906694,False,True
FAILED,,,5000,2,0.001,0.0332943726929295,False,True
FAILED,,,1,2,9.132952562468653,0.0279125103757682,True,True
FAILED,,,1,2,10,0.0384823017970289,False,True
FAILED,,,5000,2,1.38434385445985,0.0382641445606027,False,True
FAILED,,,1,2,9.631757888940102,0.0363551858411715,False,True
FAILED,,,1,2,8.73390050169817,0.0296944476215662,True,True
FAILED,,,1,2,1.1226021113001263,0.05,False,True
FAILED,,,5000,2,1.708752514500012,0.0346996677527983,False,True
FAILED,,,1,2,4.340173481663637,0.0275717609923516,True,True
FAILED,,,1,2,10,0.0231900332643768,True,True
FAILED,,,1,2,10,0.0373521753031916,False,True
FAILED,,,5000,2,3.113285146265154,0.0358907191220126,False,True
FAILED,,,1,2,8.915505898037916,0.0275306602972896,True,True
FAILED,,,1,2,10,0.0376868849952419,False,True
FAILED,,,5000,2,0.001,0.0367318719135172,False,True
FAILED,,,1,2,10,0.028078182418144,True,True
FAILED,,,1,2,10,0.0379892477097321,False,True
FAILED,,,1,2,0.7260937957074614,0.05,False,True
FAILED,,,5000,2,0.001,0.0346185507143393,False,True
FAILED,,,1,2,9.90518326992514,0.0292964113914637,True,True
FAILED,,,1,2,10,0.0376107911599617,False,True
FAILED,,,1,2,4.108040782632844,0.05,False,True
FAILED,,,1,2,8.63424731072775,0.0369387721238816,False,True
FAILED,,,1,2,10,0.0295999378413069,True,True
FAILED,,,5000,2,2.910496865491569,0.0367691312223775,False,True
FAILED,,,5000,2,5.5240616555749105,0.0328595607692052,True,True
FAILED,,,1,2,10,0.0293008813645674,True,True
FAILED,,,1,2,2.056190529215,0.037725287298649,False,True
FAILED,,,5000,2,3.708047453250483,0.0362050609493499,False,True
FAILED,,,1,2,10,0.0290950764113984,True,True
FAILED,,,1,2,10,0.0356046480262822,False,True
FAILED,,,5000,2,6.31514160319048,0.0310575538774772,True,True
FAILED,,,5000,2,0.001,0.0347774237538971,False,True
FAILED,,,1,2,10,0.0297299437821211,True,True
FAILED,,,1,2,10,0.0346416830377784,False,True
FAILED,,,5000,2,4.258712151591159,0.0360068717652629,False,True
FAILED,,,1,2,8.77427779337471,0.037469158095595,False,True
FAILED,,,1,2,10,0.0299260999653857,True,True
FAILED,,,5000,2,0.0299677528553591,0.0355016035990396,False,True
FAILED,,,1,2,10,0.0359442188530574,False,True
FAILED,,,1,2,9.437788727454697,0.0272593611672765,True,True
FAILED,,,5000,2,0.001,0.036928054320743,False,True
FAILED,,,1,2,10,0.0365442932731888,False,True
FAILED,,,1,2,10,0.0305343206987172,True,True
FAILED,,,1,2,9.761837098459615,0.05,True,True
FAILED,,,5000,2,0.001,0.0364707668300083,False,True
FAILED,,,1,2,10,0.0357639097236827,False,True
FAILED,,,1,2,10,0.03073122727392,True,True
FAILED,,,1,2,10,0.0355481117766274,False,True
FAILED,,,5000,2,3.946379148348543,0.0369326010533935,False,True
FAILED,,,5000,2,5.931804121711262,0.0348572261588072,True,True
FAILED,,,1,2,10,0.0308714685279453,True,True
FAILED,,,1,2,10,0.0367291259431627,False,True
FAILED,,,5000,2,0.001,0.0357030487574792,False,True
FAILED,,,1,2,10,0.0294786175311806,True,True
FAILED,,,1,2,10,0.0345835547795544,False,True
FAILED,,,5000,2,0.001,0.0374211446538447,False,True
FAILED,,,1,2,4.8186561664957885,0.05,False,True
FAILED,,,1,2,4.647122530687465,0.0335373587305566,True,True
FAILED,,,4915,2,10,0.0321071953605409,True,True
FAILED,,,1,2,10,0.0336013605258103,False,True
FAILED,,,1,2,10,0.0260959617752435,True,True
FAILED,,,5000,2,0.001,0.0358803592882933,False,True
FAILED,,,1,2,10,0.0366059818849167,False,True
FAILED,,,5000,2,5.2671505545929005,0.0338633294769979,True,True
FAILED,,,1,2,10,0.0277256256313304,True,True
FAILED,,,5000,2,0.001,0.0354507168459585,False,True
FAILED,,,1,2,8.437738406906142,0.0373155013747814,False,True
FAILED,,,1,2,10,0.0290619532786754,True,True
FAILED,,,5000,2,2.48741400302734,0.0346156309436402,False,True
FAILED,,,1,2,5.192165619293524,0.0336897066188279,True,True
FAILED,,,1,2,10,0.0370406115436496,False,True
FAILED,,,5000,2,0.0836584162461852,0.0339420456567368,False,True
FAILED,,,1,2,10,0.0291175128846245,True,True
FAILED,,,1,2,10,0.0370436863421128,False,True
FAILED,,,1,2,3.9024853884360753,0.05,False,True
FAILED,,,5000,2,0.1246442320301039,0.0338928438140663,False,True
FAILED,,,5000,2,7.042161366126689,0.0339708535650261,True,True
FAILED,,,1,2,10,0.0268798199301524,True,True
FAILED,,,1,2,9.861501803358458,0.0386695074435854,False,True
FAILED,,,5000,2,3.2903449221556063,0.0355569260119389,False,True
FAILED,,,1,2,10,0.0274040138055464,True,True
FAILED,,,1,2,10,0.0346597133416931,False,True
FAILED,,,1,2,9.986861391294129,0.035626332732996,False,True
FAILED,,,1,2,9.100284580339247,0.030351200708375,True,True
FAILED,,,5000,2,2.592574629153032,0.035336471688483,False,True
FAILED,,,1,2,10,0.0303302078210321,True,True
FAILED,,,5000,2,3.804556982949815,0.0346990112100097,False,True
FAILED,,,1,2,10,0.0356246688254369,False,True
FAILED,,,1,2,0.5691122266909129,0.05,False,True
FAILED,,,5000,2,4.503902585904464,0.0363243203501467,True,True
FAILED,,,1,2,10,0.0313224094793353,True,True
FAILED,,,5000,2,0.0261713836904712,0.0353411674904641,False,True
FAILED,,,1,2,10,0.036390086246603,False,True
FAILED,,,1,2,9.406368412953807,0.0296887677929618,True,True
FAILED,,,5000,2,5.766136885775705,0.0333332245076359,True,True
FAILED,,,1,2,10,0.0383427410769459,False,True
FAILED,,,1,2,10,0.0309931531974459,True,True
FAILED,,,1,2,3.403362222408755,0.0383175388227973,False,True
FAILED,,,5000,2,10,0.0370584809292185,False,True
FAILED,,,1,2,10,0.0276140820171665,True,True
FAILED,,,1,2,10,0.0349096123424205,False,True
FAILED,,,5000,2,3.43702782338255,0.0360748804719293,False,True
FAILED,,,1,2,2.3510073509160048,0.05,False,True
FAILED,,,1,2,9.103883926425032,0.0290736180171701,True,True
FAILED,,,1,2,4.442401728010937,0.0307388185740273,True,True
FAILED,,,1,2,10,0.0355774674358928,False,True
FAILED,,,5000,2,0.001,0.0361949902776761,False,True
FAILED,,,1,2,10,0.0315010626707119,True,True
FAILED,,,1,2,10,0.0231644673691655,True,True
FAILED,,,1,2,10,0.0365786801190794,False,True
FAILED,,,5000,2,0.001,0.034995647471648,False,True
FAILED,,,1,2,9.964876031820433,0.030015557305955,True,True
FAILED,,,1,2,8.451137449910302,0.0366309224234052,False,True
FAILED,,,1,2,10,0.0298249739324131,True,True
FAILED,,,5000,2,0.001,0.0351842346987776,False,True
FAILED,,,1,2,4.983768635463628,0.0327820649216222,True,True
FAILED,,,1,2,10,0.0381685542996661,False,True
FAILED,,,1,2,10,0.0269134678561267,True,True
FAILED,,,1,2,1.5243858137781978,0.05,False,True
FAILED,,,5000,2,0.001,0.0337977415674134,False,True
FAILED,,,1,2,10,0.0373484266906974,False,True
FAILED,,,1,2,10,0.028841873235833,True,True
FAILED,,,5000,2,5.96358030754469,0.0330383562455995,True,True
FAILED,,,5000,2,0.001,0.034714973724109,False,True
FAILED,,,1,2,10,0.0317451624299976,True,True
FAILED,,,1,2,2.247551428196733,0.05,False,True
FAILED,,,1,2,10,0.0361053650409828,False,True
FAILED,,,5000,2,0.001,0.0356830947180088,False,True
FAILED,,,1,2,8.98303178827904,0.0284015427030825,True,True
FAILED,,,1,2,9.82240345884389,0.0376597977881669,False,True
FAILED,,,1,2,9.12004383883339,0.0299839305536604,True,True
FAILED,,,5000,2,0.001,0.0384953595510727,False,True
FAILED,,,5000,2,4.691379034325255,0.0344577679654469,True,True
FAILED,,,1,2,0.231579704364489,0.05,False,True
FAILED,,,1,2,10,0.0363920498144904,False,True
FAILED,,,1,2,10,0.0285271503823439,True,True
FAILED,,,5000,2,0.001,0.0347457932715198,False,True
FAILED,,,1,2,3.386623169478392,0.05,False,True
FAILED,,,1,2,10,0.0391381565183555,False,True
FAILED,,,1,2,10,0.028298937259591,True,True
FAILED,,,5000,2,0.3652483920276842,0.0342476359847729,False,True
FAILED,,,1,2,10,0.0386531912318873,False,True
FAILED,,,1,2,10,0.0286221474360447,True,True
FAILED,,,5000,2,4.723493077327731,0.0369134961432768,False,True
FAILED,,,1,2,10,0.0365789896040357,False,True
FAILED,,,1,2,9.483380597534415,0.0378529038588073,False,True
FAILED,,,1,2,10,0.0301903125550895,True,True
FAILED,,,5000,2,3.981747893548065,0.0356243312939201,False,True
FAILED,,,1,2,10,0.0349824591447033,False,True
FAILED,,,1,2,10,0.0268669441806884,True,True
FAILED,,,5000,2,5.23604613494,0.0336121243604078,True,True
FAILED,,,1,2,3.0238817254650527,0.05,False,True
FAILED,,,5000,2,10,0.0335574225833847,False,True
FAILED,,,1,2,10,0.0289838164602487,True,True
FAILED,,,1,2,0.001,0.0371426698240176,False,True
FAILED,,,5000,2,0.0106144742931595,0.036897547185789,False,True
FAILED,,,1,2,10,0.0300516747179969,True,True
FAILED,,,5000,2,10,0.0333496602648638,True,True
FAILED,,,1,2,10,0.0291151674130424,True,True
FAILED,,,1,2,10,0.0370019196980927,False,True
FAILED,,,1,2,9.869512052001232,0.0315598534207087,True,True
FAILED,,,1,2,2.235494625205,0.05,False,True
FAILED,,,5000,2,4.016041870866007,0.0369643260718522,False,True
FAILED,,,1,2,10,0.0293469706602324,True,True
FAILED,,,1,2,10,0.0370790490710173,False,True
FAILED,,,5000,2,5.633033043224466,0.0371437483801911,False,True
FAILED,,,1,2,10,0.0302904980016402,True,True
FAILED,,,1,2,10,0.0393065940814428,False,True
FAILED,,,5000,2,3.6709316615223,0.0376652753483669,False,True
FAILED,,,1,2,10,0.0302810997852606,True,True
FAILED,,,1,2,10,0.0337170816784231,False,True
FAILED,,,5000,2,2.749716941805927,0.0349622863569386,False,True
FAILED,,,1,2,10,0.0292257670977796,True,True
FAILED,,,5000,2,4.922232135674456,0.0342800214464093,True,True
FAILED,,,1,2,8.74493017551389,0.0358871339457932,False,True
FAILED,,,1,2,8.61228663253196,0.0308381701010429,True,True
FAILED,,,5000,2,2.9091750874843636,0.0353427255155385,False,True
FAILED,,,5000,2,4.637927448615929,0.0346853166876993,True,True
FAILED,,,1,2,10,0.0285260703919602,True,True
FAILED,,,1,2,6.18220105043678,0.0363167127398401,False,True
FAILED,,,1,2,10,0.0284524740866291,True,True
FAILED,,,5000,2,6.141120720300862,0.0323707076839809,True,True
FAILED,,,1,2,10,0.0367548123798849,False,True
FAILED,,,5000,2,0.001,0.0370514594082269,False,True
FAILED,,,1,2,10,0.028690592570343,True,True
FAILED,,,5000,2,10,0.0334656135315811,False,True
FAILED,,,1,2,10,0.0420375579729884,False,True
FAILED,,,5000,2,5.8844052680530945,0.0323324881148003,True,True
FAILED,,,1,2,9.708034659941855,0.0371862047403359,False,True
FAILED,,,1,2,9.511783715661265,0.0296130948819275,True,True
FAILED,,,1,2,0.5634570379331254,0.05,False,True
FAILED,,,5000,2,5.675089375578509,0.0324488479421842,True,True
FAILED,,,5000,2,4.966344004887324,0.0364655991878629,False,True
FAILED,,,1,2,10,0.0287199328843959,True,True
FAILED,,,1,2,10,0.036563824143412,False,True
FAILED,,,5000,2,3.0881865978846754,0.0358403053810676,False,True
FAILED,,,1,2,10,0.0340452701686437,False,True
FAILED,,,1,2,10,0.0274322055742264,True,True
FAILED,,,5000,2,3.2146657443520854,0.036649887101401,False,True
FAILED,,,1,2,10,0.0398117227177573,False,True
COMPLETED,0.7399999999999999,116.0,764,11,10,0.0279199358176705,True,True
COMPLETED,0.7399999999999999,159.0,4754,5,8.035622791629418,0.0320231695267475,True,True
FAILED,,,1,2,0.6138070368533733,0.05,False,True
FAILED,,,5000,2,0.001,0.0364619966308698,False,True
FAILED,,,1,2,10,0.0425127679489033,False,True
FAILED,,,1,2,1.0343020781289716,0.05,False,True
FAILED,,,5000,2,0.001,0.0338655388504383,False,True
FAILED,,,1,2,3.4197076278855216,0.05,True,True
FAILED,,,1,2,3.094524734471638,0.0384503094922751,False,True
FAILED,,,5000,2,0.001,0.0358019122947147,False,True
FAILED,,,1,2,0.001,0.0351408189653704,False,True
FAILED,,,1,2,0.001,0.0238800874125574,True,True
FAILED,,,5000,2,0.001,0.0371333393037566,False,True
FAILED,,,1,2,3.5778024070941896,0.05,True,True
FAILED,,,1,2,0.001,0.037039733441293,False,True
FAILED,,,5000,2,10,0.0352553857382147,False,True
FAILED,,,1,2,3.0647550262613006,0.05,True,True
FAILED,,,5000,2,0.001,0.0360676980151653,False,True
FAILED,,,1,2,5.082779244465628,0.0339715334443049,False,True
FAILED,,,1,2,3.112192057012981,0.05,True,True
FAILED,,,5000,2,0.001,0.0375809802641427,False,True
FAILED,,,1,2,0.001,0.0359796773924236,False,True
FAILED,,,5000,2,0.00443508189139,0.0400065006322788,False,True
FAILED,,,1,2,3.2513679683414134,0.05,True,True
FAILED,,,1,2,0.001,0.0234873401161124,True,True
FAILED,,,1,2,0.001,0.0401777031229094,False,True
FAILED,,,5000,2,0.001,0.0383047446411193,False,True
FAILED,,,1,2,3.320178315124775,0.05,True,True
FAILED,,,1,2,0.001,0.0365383299365036,False,True
FAILED,,,1,2,5.434764189878762,0.0421726279420412,False,True
FAILED,,,5000,2,0.001,0.0366542405743928,False,True
FAILED,,,1,2,3.612601456123703,0.05,True,True
FAILED,,,1,2,0.001,0.0395621137092763,False,True
FAILED,,,5000,2,0.001,0.0413708985228622,False,True
FAILED,,,1,2,0.001,0.0319180911725299,False,True
FAILED,,,5000,2,0.001,0.0369317485566741,False,True
FAILED,,,1,2,3.7054825294321048,0.05,True,True
FAILED,,,1,2,0.001,0.0337508184125111,False,True
FAILED,,,1,2,3.435219716557396,0.05,True,True
FAILED,,,5000,2,0.001,0.0328842021866095,False,True
FAILED,,,5000,2,0.001,0.0373655513652287,False,True
FAILED,,,1,2,0.001,0.0367791968677973,False,True
FAILED,,,1,2,3.2088494933235028,0.05,True,True
FAILED,,,5000,2,0.001,0.0349766833897825,False,True
FAILED,,,1,2,0.001,0.0379873460602064,False,True
FAILED,,,5000,2,0.001,0.0350870437520696,False,True
FAILED,,,1,2,0.001,0.0398529317636322,False,True
FAILED,,,1,2,0.001,0.0242623770823711,True,True
FAILED,,,5000,2,0.001,0.0358837209123649,False,True
FAILED,,,1,2,4.75917661420986,0.0401000968672273,False,True
FAILED,,,5000,2,0.001,0.0374982228510924,False,True
FAILED,,,1,2,0.001,0.0392289169330397,False,True
FAILED,,,1,2,2.79152639945084,0.05,True,True
FAILED,,,5000,2,0.001,0.0330555653022978,False,True
FAILED,,,1,2,0.001,0.0384762230728812,False,True
FAILED,,,5000,2,0.001,0.0363932260468086,False,True
FAILED,,,1,2,0.001,0.0393398682693042,False,True
FAILED,,,5000,2,0.001,0.0347708902251267,False,True
FAILED,,,1,2,0.001,0.0364641430773437,False,True
FAILED,,,5000,2,0.001,0.0367907181427919,False,True
FAILED,,,5000,2,0.001,0.0356497427237764,False,True
FAILED,,,1,2,10,0.0421540398949652,False,True
FAILED,,,1,2,0.001,0.0380790181980556,False,True
FAILED,,,1,2,0.001,0.0236195778853018,True,True
FAILED,,,5000,2,0.001,0.0368755763101559,False,True
FAILED,,,1,2,2.742141305735144,0.0368935003793176,False,True
FAILED,,,5000,2,0.001,0.0372761306603182,False,True
FAILED,,,1,2,3.449501220854789,0.05,True,True
FAILED,,,1,2,0.001,0.0343180173263169,False,True
FAILED,,,5000,2,2.251661599999456,0.0430425034642435,False,True
FAILED,,,1,2,0.1718365336220062,0.05,False,True
FAILED,,,5000,2,0.001,0.0359043142233005,False,True
FAILED,,,1,2,3.492657866337248,0.05,True,True
FAILED,,,1,2,0.001,0.0327034668660773,False,True
FAILED,,,5000,2,0.001,0.0392172410611081,False,True
FAILED,,,1,2,3.418674449612248,0.0383336058588686,False,True
FAILED,,,5000,2,0.001,0.0412007792371529,False,True
FAILED,,,1,2,3.615246130568952,0.05,True,True
FAILED,,,1,2,0.001,0.0350746965619274,False,True
FAILED,,,5000,2,0.001,0.0391537338454902,False,True
FAILED,,,1,2,0.001,0.0235423052996037,True,True
FAILED,,,5000,2,0.001,0.036463434091952,False,True
FAILED,,,1,2,3.2802494707505594,0.05,True,True
FAILED,,,5000,2,0.001,0.0366225088480135,False,True
FAILED,,,1,2,3.399250121761307,0.05,True,True
FAILED,,,1,2,0.001,0.0383809077093592,False,True
FAILED,,,5000,2,1.7403634814491904,0.0388580458922861,False,True
FAILED,,,1,2,10,0.0384221820723318,False,True
FAILED,,,1,2,0.001,0.0354220956496814,False,True
FAILED,,,5000,2,0.001,0.0375746447072612,False,True
FAILED,,,1,2,0.001,0.0379126847401457,False,True
FAILED,,,5000,2,2.364661762460908,0.0380232184254547,False,True
FAILED,,,1,2,3.739407270925749,0.05,True,True
FAILED,,,5000,2,0.001,0.0355281233318605,False,True
FAILED,,,1,2,0.001,0.0358259384330646,False,True
FAILED,,,5000,2,0.001,0.0354841335208895,False,True
FAILED,,,1,2,3.011383881080436,0.05,True,True
FAILED,,,1,2,5.076443362450254,0.0319833215258549,False,True
FAILED,,,5000,2,0.001,0.0369681112994254,False,True
FAILED,,,1,2,0.001,0.0373670475492576,False,True
FAILED,,,1,2,0.001,0.0229000550919385,True,True
FAILED,,,5000,2,0.001,0.0359944486957026,False,True
FAILED,,,1,2,3.327090392921402,0.05,True,True
FAILED,,,5000,2,0.001,0.0358593803734159,False,True
FAILED,,,1,2,0.001,0.0295897036278023,False,True
FAILED,,,5000,2,0.001,0.0356648881243895,False,True
FAILED,,,1,2,3.3922629509018,0.05,True,True
FAILED,,,1,2,0.001,0.0374414713372579,False,True
FAILED,,,5000,2,3.3316171692918988,0.0377725062543889,False,True
FAILED,,,1,2,2.2625599326824744,0.05,True,True
FAILED,,,1,2,0.001,0.0371182383615116,False,True
FAILED,,,1,2,3.384136190291212,0.05,True,True
FAILED,,,5000,2,0.001,0.0339285313211083,False,True
FAILED,,,1,2,3.452754468043093,0.05,True,True
FAILED,,,5000,2,0.001,0.0334512604029467,False,True
FAILED,,,1,2,4.648528385015826,0.0371696684067255,False,True
FAILED,,,1,2,0.1410743165280178,0.05,False,True
FAILED,,,5000,2,0.001,0.0377796728722256,False,True
FAILED,,,1,2,0.001,0.0342801945461682,False,True
FAILED,,,1,2,3.8010314736081767,0.05,True,True
FAILED,,,5000,2,0.001,0.0377850806390925,False,True
FAILED,,,1,2,4.89577460241891,0.0375736649309567,False,True
FAILED,,,5000,2,0.001,0.0379974294912137,False,True
FAILED,,,1,2,2.9223539228143327,0.05,True,True
FAILED,,,1,2,0.001,0.0378273019524516,False,True
FAILED,,,5000,2,0.001,0.037519175253543,False,True
FAILED,,,1,2,2.3217731312160548,0.05,False,True
FAILED,,,1,2,3.5272642908703262,0.05,True,True
FAILED,,,1,2,0.001,0.0357113681493479,False,True
FAILED,,,5000,2,0.001,0.0345068793740879,False,True
FAILED,,,1,2,0.0010000000000003,0.05,False,True
FAILED,,,1,2,9.82838961502466,0.05,False,True
FAILED,,,1,2,0.001,0.0359368518644777,False,True
FAILED,,,5000,2,0.001,0.0385728753617404,False,True
FAILED,,,1,2,3.310391443480569,0.05,True,True
FAILED,,,1,2,5.209253215882393,0.0383140201618209,False,True
FAILED,,,5000,2,0.001,0.0370242444199479,False,True
FAILED,,,1,2,2.964281965722216,0.05,True,True
FAILED,,,1,2,0.001,0.031162736978311,False,True
FAILED,,,5000,2,0.001,0.0366627086075708,False,True
FAILED,,,1,2,0.001,0.0368947043234221,False,True
FAILED,,,1,2,4.014124320372325,0.05,True,True
FAILED,,,5000,2,0.001,0.0389773245682902,False,True
FAILED,,,5000,2,0.001,0.0350946638345576,False,True
FAILED,,,1,2,10,0.041008575386667,False,True
FAILED,,,1,2,3.7696852809141608,0.05,True,True
FAILED,,,5000,2,0.001,0.0352244543990201,False,True
FAILED,,,1,2,3.693741437423791,0.05,True,True
FAILED,,,1,2,0.001,0.0355323749810418,False,True
FAILED,,,1,2,3.1510216750010023,0.05,True,True
FAILED,,,1,2,0.001,0.0356862588124145,False,True
FAILED,,,5000,2,0.001,0.0368807783480438,False,True
FAILED,,,1,2,0.001,0.0374878217148783,False,True
FAILED,,,1,2,10,0.0403998920240623,False,True
FAILED,,,5000,2,0.001,0.0372222977707702,False,True
FAILED,,,1,2,2.7106070828834614,0.05,True,True
FAILED,,,5000,2,0.001,0.034492520717424,False,True
FAILED,,,1,2,0.001,0.0387653023733432,False,True
FAILED,,,5000,2,0.001,0.0386633404412293,False,True
FAILED,,,5000,2,0.001,0.0377329459445692,False,True
FAILED,,,1,2,3.339060932024528,0.05,True,True
FAILED,,,1,2,0.0020031670097452,0.0384072235588636,False,True
FAILED,,,5000,2,0.001,0.0384960397219786,False,True
FAILED,,,1,2,0.001,0.0349710683946735,False,True
FAILED,,,5000,2,0.001,0.0367244329012541,False,True
FAILED,,,1,2,4.702826670582362,0.0341021282840999,False,True
FAILED,,,1,2,3.4699569047771353,0.05,True,True
FAILED,,,5000,2,0.001,0.0373816797971403,False,True
FAILED,,,1,2,0.001,0.033251494163612,False,True
FAILED,,,5000,2,0.0108393756604112,0.0390074023434224,False,True
FAILED,,,1,2,3.8154437966978567,0.05,True,True
FAILED,,,1,2,0.001,0.0372790913720378,False,True
FAILED,,,5000,2,0.5408355028298106,0.0349066587888952,False,True
FAILED,,,1,2,3.4395082342929224,0.05,True,True
FAILED,,,1,2,0.001,0.0375328290004913,False,True
FAILED,,,5000,2,0.001,0.0378069893165181,False,True
FAILED,,,1,2,0.001,0.0368099093206417,False,True
FAILED,,,1,2,0.001,0.0243288110395214,True,True
FAILED,,,5000,2,0.0010021153322496,0.0348499479285567,False,True
FAILED,,,1,2,3.434450633740656,0.05,True,True
FAILED,,,5000,2,0.001,0.0365694607653292,False,True
FAILED,,,1,2,10,0.0373779695521326,False,True
FAILED,,,1,2,3.120192381121061,0.05,True,True
FAILED,,,1,2,0.001,0.0380259539771839,False,True
FAILED,,,5000,2,1.796469844649585,0.0327859428426766,False,True
FAILED,,,1,2,0.001,0.0261438278449988,True,True
FAILED,,,1,2,3.6745524224838575,0.0366694946637155,False,True
FAILED,,,5000,2,0.001,0.0371943581052217,False,True
FAILED,,,1,2,3.335342638859958,0.05,True,True
FAILED,,,1,2,3.2174272934433374,0.0348889660291468,False,True
FAILED,,,5000,2,0.001,0.0360304444530354,False,True
FAILED,,,1,2,3.605836350471935,0.05,True,True
FAILED,,,5000,2,0.001,0.0349190079618015,False,True
FAILED,,,1,2,3.439465131850858,0.05,True,True
FAILED,,,5000,2,0.001,0.0360526968017939,False,True
FAILED,,,1,2,0.001,0.034556542571805,False,True
FAILED,,,5000,2,0.001,0.0386048837649559,False,True
FAILED,,,5000,2,0.001,0.0375711314915014,False,True
FAILED,,,1,2,10,0.0356930779927294,False,True
FAILED,,,1,2,3.4505856826065435,0.05,True,True
FAILED,,,5000,2,0.001,0.0357338133805969,False,True
FAILED,,,1,2,3.1238040289189284,0.05,True,True
FAILED,,,1,2,0.001,0.0362037369340271,False,True
FAILED,,,1,2,2.3954122722417166,0.05,False,True
FAILED,,,5000,2,0.001,0.0414377293210415,False,True
FAILED,,,1,2,3.4521644188125555,0.05,True,True
FAILED,,,1,2,0.001,0.0406718486039433,False,True
FAILED,,,5000,2,0.0250851397277591,0.0349637887488038,False,True
FAILED,,,1,2,0.001,0.0318723305817051,False,True
FAILED,,,5000,2,0.001,0.0353685480028814,False,True
FAILED,,,1,2,2.684193460506655,0.05,True,True
FAILED,,,1,2,0.001,0.0323318750473192,False,True
FAILED,,,5000,2,2.0982817576384676,0.0371334411251899,False,True
FAILED,,,1,2,3.633352260321324,0.05,True,True
FAILED,,,5000,2,0.7159071969029716,0.0363367118449338,False,True
FAILED,,,1,2,3.5306924560783672,0.05,True,True
FAILED,,,5000,2,0.001,0.0359648252168876,False,True
FAILED,,,1,2,0.001,0.0367678378270702,False,True
FAILED,,,5000,2,0.0026733691292908,0.0359087517383239,False,True
COMPLETED,0.7399999999999999,98.0,572,7,0.001,0.037773299480509,False,True
FAILED,,,1,2,3.4699230238823,0.05,True,True
FAILED,,,1,2,0.001,0.022864704096247,True,True
FAILED,,,5000,2,0.001,0.0305582109118747,False,True
FAILED,,,1,2,3.654633614604081,0.05,True,True
FAILED,,,5000,2,1.6017672868520467,0.0384651392377252,False,True
FAILED,,,1,2,3.1648536874818975,0.05,True,True
FAILED,,,1,2,0.1523342236382877,0.05,False,True
FAILED,,,1,2,3.6881094526741354,0.05,True,True
FAILED,,,5000,2,4.9418530174053155,0.0423840888132769,False,True
FAILED,,,1,2,3.139638489619758,0.05,True,True
FAILED,,,1,2,3.6632694138136146,0.05,True,True
FAILED,,,1,2,3.9104692026421417,0.0241709142915321,True,True
FAILED,,,1,2,3.449636801061585,0.05,True,True
FAILED,,,5000,2,0.0694960829367273,0.0319403414401124,False,True
FAILED,,,1,2,3.600422869985523,0.05,True,True
FAILED,,,1,2,0.001,0.0227181562636628,True,True
FAILED,,,1,2,3.342161770053936,0.05,True,True
FAILED,,,5000,2,1.5410289301873183,0.0332076090395525,False,True
FAILED,,,1,2,3.174734473803501,0.05,True,True
FAILED,,,1,2,3.9781173890569415,0.05,True,True
FAILED,,,5000,2,0.001,0.0299322582512212,True,True
FAILED,,,1,2,3.6211530354772097,0.0261001478431192,True,True
FAILED,,,1,2,3.7393795575713926,0.05,True,True
FAILED,,,5000,2,0.001,0.0384477306544213,False,True
FAILED,,,1,2,2.7743282242476224,0.05,True,True
FAILED,,,4754,3,0.4266587056906185,0.0389711312697805,False,True
FAILED,,,4754,3,0.531119406452797,0.0276603376844358,True,True
FAILED,,,1,2,6.34749971665608,0.05,False,True
FAILED,,,1,2,3.371392099115696,0.05,True,True
FAILED,,,5000,2,0.001,0.0319967036350034,True,True
FAILED,,,1,2,2.903281431188844,0.05,True,True
FAILED,,,1,2,5.165536726104094,0.05,False,True
FAILED,,,1,2,3.61211656202919,0.05,True,True
FAILED,,,5000,2,0.001,0.0313038510425088,False,True
FAILED,,,1,2,3.647646823120077,0.05,True,True
FAILED,,,5000,2,0.001,0.0312688197978742,False,True
FAILED,,,1,2,3.2102165487726895,0.05,True,True
FAILED,,,5000,2,0.001,0.0401479943311819,False,True
FAILED,,,1,2,3.121932157058447,0.05,True,True
FAILED,,,5000,2,0.001,0.0326735527926829,True,True
FAILED,,,1,2,3.8702310751901696,0.05,True,True
FAILED,,,1,2,0.001,0.0239008237831849,True,True
FAILED,,,1,2,5.897332585529871,0.05,False,True
FAILED,,,1,2,3.863089440676729,0.05,True,True
FAILED,,,5000,2,9.077991102761745,0.039513482530969,False,True
FAILED,,,1,2,4.146629805476856,0.05,True,True
FAILED,,,1,2,0.0308670707153768,0.0265742518657438,True,True
FAILED,,,1,2,3.999088714227148,0.05,False,True
FAILED,,,1,2,3.5518248325384167,0.05,True,True
FAILED,,,4907,2,3.8150191128477577,0.0387168948006804,True,True
FAILED,,,1,2,0.001,0.022412635543908,True,True
FAILED,,,1,2,3.6999526052303247,0.05,True,True
FAILED,,,5000,2,0.001,0.0312941695002309,False,True
FAILED,,,1,2,2.644394576352252,0.05,False,True
FAILED,,,5000,2,0.9922777743580724,0.0329362872034218,True,True
FAILED,,,1,2,3.453698830300232,0.05,True,True
FAILED,,,5000,2,0.001,0.0418019476827815,False,True
FAILED,,,1,2,3.9858151898627985,0.05,True,True
FAILED,,,5000,2,3.5433693779510222,0.038382176831065,False,True
FAILED,,,1,2,3.289420307664548,0.05,True,True
FAILED,,,5000,2,9.95243895197769,0.039913468871985,False,True
FAILED,,,1,2,3.3843935939647998,0.05,True,True
FAILED,,,5000,2,0.001,0.0296664647268298,True,True
FAILED,,,1,2,3.5745465059678327,0.05,True,True
FAILED,,,1,2,3.725953690221637,0.05,False,True
FAILED,,,1,2,4.111302658194324,0.05,True,True
FAILED,,,5000,2,0.001,0.0366125543829497,False,True
FAILED,,,1,2,3.309375044840007,0.05,True,True
FAILED,,,5000,2,4.455660939253404,0.05,True,True
FAILED,,,5000,2,0.001,0.031288228021564,False,True
FAILED,,,1,2,0.1343092570467425,0.05,False,True
FAILED,,,1,2,3.3621760558329346,0.05,True,True
FAILED,,,1,2,2.5377207932032086,0.05,False,True
FAILED,,,5000,2,0.001,0.0322589754018559,False,True
FAILED,,,1,2,3.621611596797216,0.05,True,True
FAILED,,,5000,2,3.939552838136725,0.05,True,True
FAILED,,,5000,2,3.6888093120859713,0.0396465929412083,False,True
FAILED,,,1,2,6.637183041951478,0.05,False,True
FAILED,,,1,2,3.85202337369372,0.05,True,True
FAILED,,,5000,2,0.001,0.034634819212609,False,True
FAILED,,,1,2,3.597824585439814,0.05,True,True
FAILED,,,1,2,8.532496432814785,0.05,False,True
FAILED,,,5000,2,0.001,0.0344506218697928,False,True
FAILED,,,1,2,0.001,0.0230507654304187,True,True
FAILED,,,1,2,3.9060871457296233,0.05,True,True
FAILED,,,5000,2,0.001,0.0331428290669257,True,True
FAILED,,,1,2,3.504648165504584,0.05,True,True
FAILED,,,5000,2,0.001,0.0377146725202537,False,True
FAILED,,,1,2,3.4229209768578848,0.05,True,True
FAILED,,,5000,2,4.668081817598537,0.05,False,True
FAILED,,,5000,2,0.001,0.0275512781762706,True,True
FAILED,,,1,2,3.9007035216664128,0.05,True,True
FAILED,,,1,2,3.934430740105877,0.05,False,True
FAILED,,,5000,2,0.001,0.0356107230244925,False,True
FAILED,,,5000,2,0.001,0.0293511460553611,True,True
FAILED,,,1,2,4.536582010343223,0.05,False,True
FAILED,,,1,2,3.352070503710941,0.05,True,True
FAILED,,,5000,2,0.001,0.0283630256326504,True,True
FAILED,,,1,2,4.211131744412189,0.05,True,True
FAILED,,,1,2,3.6862931283835536,0.05,True,True
FAILED,,,1,2,3.781211674894376,0.05,True,True
FAILED,,,5000,2,0.001,0.0297681656012329,True,True
FAILED,,,1,2,3.6202739361595735,0.05,True,True
FAILED,,,5000,2,3.904992547693456,0.040313979695891,False,True
FAILED,,,1,2,3.7313486306521937,0.05,True,True
FAILED,,,5000,2,3.780290150513132,0.0395119266227795,False,True
FAILED,,,1,2,0.001,0.0243073637378525,True,True
FAILED,,,1,2,3.4747660901280115,0.05,True,True
FAILED,,,1,2,2.7584935139162003,0.05,False,True
FAILED,,,1,2,2.9324047271716998,0.05,True,True
FAILED,,,1,2,3.38507532260446,0.0230621932132334,True,True
FAILED,,,5000,2,0.001,0.0332596170502518,False,True
FAILED,,,1,2,6.83268762118512,0.05,False,True
FAILED,,,5000,2,10,0.0396714750943828,False,True
FAILED,,,1,2,0.1214916917207487,0.05,True,True
FAILED,,,5000,2,3.5918916136930075,0.0391869190472041,True,True
FAILED,,,1,2,3.7361246839625255,0.05,True,True
FAILED,,,5000,2,0.001,0.0355918902330381,False,True
FAILED,,,1,2,9.828521602720224,0.05,False,True
FAILED,,,1,2,3.4937257471260175,0.05,True,True
FAILED,,,1,2,0.001,0.0243756071617959,True,True
FAILED,,,1,2,2.7941738600840327,0.05,False,True
FAILED,,,5000,2,3.078853760070465,0.0368310711333032,True,True
FAILED,,,1,2,3.81264955148176,0.05,True,True
FAILED,,,5000,2,0.001,0.0278953987895709,True,True
FAILED,,,5000,2,1.3007526835372518,0.0394753482577043,False,True
FAILED,,,5000,2,0.001,0.0266580973667,True,True
FAILED,,,1,2,3.7806965478266767,0.05,True,True
FAILED,,,5000,2,8.359590584012334,0.0312800702646443,False,True
FAILED,,,1,2,4.06435951866614,0.05,True,True
FAILED,,,5000,2,4.358771953104505,0.0388579814790866,False,True
FAILED,,,1,2,3.3990813394915738,0.05,True,True
FAILED,,,1,2,4.253608795727892,0.05,False,True
FAILED,,,1,2,3.845643129702288,0.05,True,True
FAILED,,,5000,2,5.587306290747843,0.0388239319553196,False,True
FAILED,,,1,2,0.001,0.02334536665666,True,True
FAILED,,,5000,2,0.001,0.0349330600237227,False,True
FAILED,,,1,2,3.5268200655673807,0.05,True,True
FAILED,,,1,2,2.8964275786007208,0.05,False,True
FAILED,,,5000,2,0.001,0.0338493634178407,False,True
FAILED,,,5000,2,0.001,0.0262187456323216,True,True
FAILED,,,1,2,3.805452778899297,0.05,False,True
FAILED,,,1,2,4.062915623576405,0.05,True,True
FAILED,,,5000,2,6.941974680682816,0.0357538819106022,False,True
FAILED,,,5000,2,0.001,0.0351003911514483,False,True
FAILED,,,1,2,5.2036085582008464,0.05,False,True
FAILED,,,1,2,3.5244832838455022,0.05,True,True
FAILED,,,1,2,2.616525233065379,0.0267211458284561,True,True
FAILED,,,5000,2,0.001,0.0331445527134334,False,True
FAILED,,,1,2,3.929536799720177,0.05,True,True
FAILED,,,5000,2,0.001,0.033112837649909,True,True
FAILED,,,1,2,3.8948785445364,0.05,True,True
FAILED,,,5000,2,0.001,0.0282500783638934,True,True
FAILED,,,1,2,3.8040609226871855,0.05,True,True
FAILED,,,5000,2,0.001,0.0329645168296475,True,True
FAILED,,,1,2,2.6578949478385074,0.05,True,True
FAILED,,,1,2,4.07349378682108,0.05,True,True
FAILED,,,5000,2,0.001,0.0345458255285389,False,True
FAILED,,,1,2,0.001,0.0237893680308618,True,True
FAILED,,,1,2,3.8886874214148968,0.05,True,True
FAILED,,,1,2,2.263809272858693,0.05,False,True
FAILED,,,5000,2,0.001,0.0275344801624531,False,True
FAILED,,,1,2,3.048386341885934,0.0259443713849332,True,True
FAILED,,,1,2,2.971878894086097,0.05,True,True
FAILED,,,5000,2,2.768708558170631,0.0311561212280673,True,True
FAILED,,,1,2,3.6092769219557663,0.05,True,True
FAILED,,,1,2,2.7151784422008265,0.0242158628838174,True,True
FAILED,,,1,2,2.133503827640745,0.05,False,True
FAILED,,,1,2,10,0.0412211754472209,False,True
FAILED,,,1,2,3.480380484899257,0.05,True,True
FAILED,,,5000,2,0.001,0.0330342785163364,False,True
FAILED,,,1,2,3.79154739909158,0.05,True,True
FAILED,,,5000,2,3.2828537817407883,0.0347562727651471,False,True
FAILED,,,1,2,3.3622033949105057,0.05,True,True
FAILED,,,5000,2,0.001,0.029108561852882,True,True
FAILED,,,1,2,3.969645638228192,0.05,True,True
FAILED,,,1,2,0.001,0.0178079663824012,True,True
FAILED,,,1,2,5.087328595819075,0.05,False,True
FAILED,,,1,2,3.9554093015880807,0.05,True,True
FAILED,,,5000,2,0.001,0.0458370126768601,False,True
FAILED,,,1,2,3.6974330301659935,0.05,True,True
FAILED,,,1,2,0.0038767112238253,0.05,False,True
FAILED,,,1,2,0.001,0.0248438640705763,True,True
FAILED,,,1,2,3.4158270584288446,0.05,True,True
FAILED,,,5000,2,0.001,0.0356990452046349,False,True
FAILED,,,1,2,3.6439437800214263,0.05,True,True
FAILED,,,1,2,0.001,0.0246002626179395,True,True
FAILED,,,5000,2,0.001,0.0293074409171588,True,True
FAILED,,,1,2,2.6110934723886863,0.05,False,True
FAILED,,,1,2,3.508564319719948,0.05,True,True
FAILED,,,1,2,0.001,0.0209550222158431,True,True
FAILED,,,1,2,4.005915736879152,0.05,True,True
FAILED,,,5000,2,4.670131839307376,0.0375133281399426,False,True
FAILED,,,1,2,0.1042504744058179,0.05,True,True
FAILED,,,5000,2,3.0877786021737004,0.0353980269985149,True,True
FAILED,,,1,2,9.9655671264735,0.05,False,True
FAILED,,,1,2,3.1237511014918966,0.05,True,True
FAILED,,,5000,2,0.001,0.039078002151416,False,True
FAILED,,,1,2,3.1530949053112782,0.05,True,True
FAILED,,,1,2,2.717527837169443,0.05,True,True
FAILED,,,5000,2,0.2025437358803125,0.035005205551932,False,True
FAILED,,,1,2,0.001,0.0247071673092638,True,True
FAILED,,,1,2,8.276868080649207,0.05,False,True
FAILED,,,1,2,2.790972138977149,0.05,True,True
FAILED,,,5000,2,1.7645055460467292,0.0373208439713628,False,True
FAILED,,,1,2,3.6535337159637553,0.05,True,True
FAILED,,,1,2,3.523782257544596,0.05,False,True
FAILED,,,5000,2,0.001,0.0291137894184064,True,True
FAILED,,,1,2,3.51636463811994,0.05,True,True
FAILED,,,5000,2,5.166937250241637,0.0382692578810067,False,True
FAILED,,,1,2,3.575110209743455,0.05,True,True
FAILED,,,1,2,3.7751435124248145,0.05,False,True
FAILED,,,1,2,3.584542032592189,0.05,True,True
FAILED,,,5000,2,0.001,0.0247170631257317,True,True
FAILED,,,1,2,3.60774671728412,0.05,True,True
FAILED,,,5000,2,0.001,0.0355577808415734,False,True
FAILED,,,1,2,4.029819003989744,0.05,True,True
FAILED,,,1,2,2.1977836613251807,0.0230807820937987,True,True
FAILED,,,5000,2,3.1744100317868478,0.035146179532792,True,True
FAILED,,,1,2,2.5093318289840085,0.05,True,True
FAILED,,,5000,2,3.9794663757473767,0.0411450811503919,False,True
FAILED,,,1,2,3.8596968103227938,0.05,True,True
FAILED,,,1,2,6.671663611316313,0.05,False,True
FAILED,,,1,2,3.5255832626139876,0.05,True,True
FAILED,,,5000,2,0.001,0.03321742221328,False,True
FAILED,,,1,2,3.8825301918202215,0.05,True,True
FAILED,,,5000,2,0.001,0.0285110369174556,True,True
FAILED,,,1,2,3.784472011221296,0.05,True,True
FAILED,,,5000,2,2.2246467468115854,0.0369018149261348,False,True
FAILED,,,1,2,4.350691395317286,0.05,True,True
FAILED,,,5000,2,1.4317225287555193,0.0370563809956545,False,True
FAILED,,,1,2,3.619624110614765,0.05,True,True
FAILED,,,5000,2,0.001,0.030963123585835,False,True
FAILED,,,1,2,2.572394204950548,0.05,False,True
FAILED,,,1,2,3.425621442081776,0.05,True,True
FAILED,,,1,2,0.001,0.0266203868773277,True,True
FAILED,,,5000,2,0.001,0.0348135578758893,False,True
FAILED,,,1,2,3.585883813320652,0.05,True,True
FAILED,,,5000,2,0.001,0.0310781335903217,True,True
FAILED,,,1,2,6.926316525003476,0.05,False,True
FAILED,,,1,2,3.4618085723694048,0.05,True,True
FAILED,,,5000,2,0.001,0.0373021884016977,False,True
FAILED,,,1,2,3.4425796983433727,0.05,True,True
FAILED,,,5000,2,0.001,0.0298745253507951,True,True
FAILED,,,1,2,2.059229175069804,0.05,True,True
FAILED,,,1,2,4.580804057314689,0.05,False,True
FAILED,,,1,2,3.9490851207434146,0.05,True,True
FAILED,,,5000,2,0.001,0.0352966625249589,False,True
FAILED,,,1,2,3.8603765998052624,0.05,True,True
FAILED,,,5000,2,0.001,0.0262550937965891,True,True
FAILED,,,1,2,3.614534506517813,0.05,True,True
FAILED,,,5000,2,3.804440500989669,0.05,False,True
FAILED,,,1,2,4.032624557920274,0.05,True,True
FAILED,,,5000,2,0.001,0.0342262580093679,False,True
FAILED,,,1,2,2.9741502883198985,0.05,True,True
FAILED,,,5000,2,3.5331237609043824,0.0382143153939021,True,True
FAILED,,,1,2,1.1062562103066331,0.05,False,True
FAILED,,,1,2,3.653355768990588,0.05,True,True
FAILED,,,5000,2,0.001,0.0370143563793908,False,True
FAILED,,,1,2,2.2497259228504176,0.05,True,True
FAILED,,,5000,2,3.0723576258375505,0.0395590922462672,False,True
FAILED,,,1,2,3.7810605551945033,0.05,True,True
FAILED,,,5000,2,4.110982690647272,0.05,False,True
FAILED,,,1,2,3.230949730983124,0.05,True,True
FAILED,,,5000,2,4.357001801736344,0.0374475242998,False,True
FAILED,,,5000,2,0.001,0.0323808959374419,True,True
FAILED,,,1,2,4.060841761869355,0.05,True,True
FAILED,,,1,2,5.369082265053021,0.05,False,True
FAILED,,,1,2,3.6413456612809343,0.05,True,True
FAILED,,,1,2,0.001,0.0220439623023931,True,True
FAILED,,,5000,2,1.0130388710744802,0.0391323284239375,False,True
FAILED,,,1,2,2.3086066472059,0.05,True,True
FAILED,,,1,2,3.184470403611116,0.05,True,True
FAILED,,,5000,2,0.001,0.0335705234083406,False,True
FAILED,,,4389,2,4.120314864638601,0.05,True,True
FAILED,,,1,2,4.026194252280204,0.05,True,True
FAILED,,,5000,2,0.001,0.030213176374641,True,True
FAILED,,,1,2,7.215408740486003,0.05,False,True
FAILED,,,1,2,3.225268241111832,0.05,True,True
FAILED,,,5000,2,3.156233281038267,0.0372107415931346,True,True
FAILED,,,5000,2,0.001,0.030105356452526,False,True
FAILED,,,1,2,0.001,0.0228899494430646,True,True
FAILED,,,1,2,3.476939815167184,0.05,True,True
FAILED,,,5000,2,0.001,0.0362387510036724,False,True
FAILED,,,1,2,3.7020975080652048,0.05,True,True
FAILED,,,5000,2,0.001,0.0281622423025316,True,True
FAILED,,,1,2,3.7370812221114225,0.05,True,True
FAILED,,,1,2,9.945680288557176,0.05,False,True
FAILED,,,5000,2,0.001,0.0312236571835157,False,True
FAILED,,,1,2,4.881616556186072,0.05,False,True
FAILED,,,5000,2,0.001,0.0329860469111658,False,True
FAILED,,,1,2,0.001,0.0258343788316718,True,True
FAILED,,,1,2,3.1395935494846685,0.05,True,True
FAILED,,,1,2,3.418903922688996,0.05,True,True
FAILED,,,5000,2,0.001,0.0319451509139616,True,True
FAILED,,,1,2,3.006817768026108,0.05,True,True
FAILED,,,5000,2,3.0338598141686415,0.0389801768864488,False,True
FAILED,,,1,2,3.7471997332652753,0.05,True,True
FAILED,,,5000,2,3.925444650277429,0.0389397772323897,False,True
FAILED,,,5000,2,0.001,0.0294902993399379,True,True
FAILED,,,1,2,3.804654099129388,0.05,False,True
FAILED,,,1,2,3.800320493665224,0.05,True,True
FAILED,,,5000,2,0.001,0.0369447216159129,False,True
FAILED,,,1,2,3.486908180396132,0.05,True,True
FAILED,,,5000,2,1.2687516035443567,0.0348013693795498,False,True
FAILED,,,1,2,4.958560599131713,0.05,False,True
FAILED,,,1,2,3.5242434095000035,0.05,True,True
FAILED,,,5000,2,0.001,0.0282018711611733,True,True
FAILED,,,1,2,3.790497431727748,0.05,True,True
FAILED,,,5000,2,4.645575009517163,0.0405103945374594,False,True
FAILED,,,1,2,3.483930690339548,0.05,True,True
FAILED,,,1,2,5.725207534972656,0.05,False,True
FAILED,,,1,2,3.77501587739784,0.05,True,True
FAILED,,,5000,2,2.9845608739214,0.037740076688953,True,True
FAILED,,,5000,2,10,0.0415039357742579,False,True
FAILED,,,1,2,3.9989898839282136,0.05,True,True
FAILED,,,1,2,2.183302807550884,0.05,False,True
FAILED,,,1,2,0.001,0.0244818451103205,True,True
FAILED,,,5000,2,0.001,0.0354154704954398,False,True
FAILED,,,1,2,3.6579336667158895,0.05,False,True
FAILED,,,1,2,3.6752287908822634,0.05,True,True
FAILED,,,5000,2,0.001,0.0375881082291931,False,True
FAILED,,,1,2,8.395244705867801,0.05,True,True
FAILED,,,5000,2,3.5062939747382385,0.0386517215454216,True,True
FAILED,,,5000,2,0.001,0.0266007255568819,False,True
FAILED,,,1,2,4.136734112264828,0.05,True,True
FAILED,,,5000,2,0.001,0.0372933237748827,False,True
FAILED,,,1,2,3.812312965634294,0.05,True,True
FAILED,,,5000,2,0.001,0.0314814402199651,True,True
FAILED,,,1,2,3.656282824490873,0.05,True,True
FAILED,,,5000,2,0.001,0.0334281355618781,False,True
FAILED,,,1,2,6.332799018066126,0.05,False,True
FAILED,,,1,2,3.590138445605532,0.05,True,True
FAILED,,,5000,2,0.001,0.0297101125674541,False,True
FAILED,,,1,2,0.001,0.0228627524261536,True,True
FAILED,,,5000,2,0.001,0.0392882932311492,False,True
FAILED,,,1,2,3.673053987556495,0.05,True,True
FAILED,,,5000,2,3.4768648661103607,0.0387275544526032,False,True
FAILED,,,1,2,3.780930120190504,0.05,True,True
FAILED,,,5000,2,0.100666572896934,0.0365587529076817,False,True
FAILED,,,1,2,4.624698548907329,0.05,True,True
FAILED,,,1,2,9.704614311334446,0.05,False,True
FAILED,,,1,2,0.001,0.0235120883022844,True,True
FAILED,,,1,2,3.6614193113240305,0.05,True,True
FAILED,,,5000,2,3.0166884656614297,0.0384398534696209,False,True
FAILED,,,5000,2,0.001,0.035398402736684,False,True
FAILED,,,1,2,3.539820003103828,0.05,True,True
FAILED,,,5000,2,0.001,0.0324472705681737,True,True
FAILED,,,1,2,3.5478160760433584,0.05,True,True
FAILED,,,5000,2,0.001,0.031898652856785,False,True
FAILED,,,1,2,3.6511836652447913,0.05,True,True
FAILED,,,1,2,4.25253772137242,0.05,True,True
FAILED,,,5000,2,5.527535471115005,0.0359564376951003,False,True
FAILED,,,1,2,0.001,0.026195208607307,True,True
FAILED,,,5000,2,0.001,0.0371246807991887,False,True
FAILED,,,1,2,4.530595092687494,0.05,False,True
FAILED,,,1,2,3.8540607962811393,0.05,True,True
FAILED,,,5000,2,0.001,0.0273111251763218,True,True
FAILED,,,1,2,3.708204004584072,0.05,True,True
FAILED,,,5000,2,0.001,0.0356647525982783,False,True
FAILED,,,1,2,3.5798664026732068,0.05,True,True
FAILED,,,1,2,3.0211111262913626,0.05,False,True
FAILED,,,5000,2,0.7606775755238411,0.035709784974509,False,True
FAILED,,,1,2,3.650897800939956,0.05,True,True
FAILED,,,5000,2,9.360016163620482,0.0328961153860763,False,True
FAILED,,,1,2,3.715819796964304,0.05,True,True
FAILED,,,5000,2,0.001,0.0288562730385354,True,True
FAILED,,,1,2,10,0.0410061785412194,False,True
FAILED,,,1,2,3.897266013441649,0.05,True,True
FAILED,,,5000,2,6.175905588203024,0.0394406726092629,False,True
FAILED,,,1,2,3.3614165391573185,0.05,True,True
FAILED,,,5000,2,0.001,0.0335256324550512,False,True
FAILED,,,1,2,6.309518487113605,0.05,False,True
FAILED,,,1,2,3.2602636906922804,0.05,True,True
FAILED,,,5000,2,0.001,0.0392469260199734,False,True
FAILED,,,1,2,3.653938411639527,0.05,True,True
FAILED,,,5000,2,0.0614723751108538,0.0349080611204677,False,True
FAILED,,,1,2,3.6130846981658418,0.05,True,True
FAILED,,,5000,2,0.001,0.0315552097745068,True,True
FAILED,,,1,2,3.0227445373055235,0.05,False,True
FAILED,,,1,2,3.7035122522739985,0.05,True,True
FAILED,,,5000,2,4.279622100810249,0.0360253759187794,False,True
FAILED,,,1,2,1.1051622678461863,0.05,False,True
FAILED,,,5000,2,0.001,0.0274047359523263,True,True
FAILED,,,1,2,3.2480984513843927,0.05,True,True
FAILED,,,5000,2,10,0.0409600427649153,False,True
FAILED,,,5000,2,0.001,0.0335783940173882,False,True
FAILED,,,1,2,7.877016546422678,0.05,True,True
FAILED,,,1,2,9.943734481852275,0.05,False,True
FAILED,,,1,2,3.186496042389285,0.05,True,True
FAILED,,,1,2,0.001,0.0215532528646202,True,True
FAILED,,,1,2,3.234846836573458,0.05,True,True
FAILED,,,5000,2,0.001,0.0333858149210372,False,True
FAILED,,,1,2,3.8288019718386006,0.05,True,True
FAILED,,,1,2,0.001,0.0241947393635622,True,True
FAILED,,,1,2,4.021796476963817,0.05,False,True
FAILED,,,1,2,3.856372395893181,0.05,True,True
FAILED,,,1,2,3.821793396447228,0.0208149101515805,True,True
FAILED,,,5000,2,0.001,0.0375117376288266,False,True
FAILED,,,1,2,4.051441681021656,0.05,True,True
FAILED,,,1,2,3.7808801055175465,0.05,True,True
FAILED,,,5000,2,4.0737189606944675,0.0383947617155019,False,True
FAILED,,,1,2,3.647454493210143,0.05,True,True
FAILED,,,1,2,0.001,0.0229152750751398,True,True
FAILED,,,1,2,3.3319730399758902,0.05,True,True
FAILED,,,1,2,5.020045120203259,0.05,False,True
FAILED,,,1,2,3.906051392398312,0.05,True,True
FAILED,,,1,2,3.167593969108815,0.05,True,True
FAILED,,,5000,2,0.001,0.0301071087353069,True,True
FAILED,,,1,2,3.2581802859614273,0.05,False,True
FAILED,,,1,2,3.6550633659906926,0.05,True,True
FAILED,,,1,2,0.001,0.0242750512019539,True,True
FAILED,,,1,2,2.401478376555,0.05,False,True
FAILED,,,1,2,3.1956730262959567,0.05,True,True
FAILED,,,5000,2,0.001,0.0360384004697752,False,True
FAILED,,,1,2,2.002261262281568,0.05,False,True
FAILED,,,1,2,3.0974166324532555,0.05,True,True
FAILED,,,1,2,0.001,0.0203788698279333,True,True
FAILED,,,1,2,2.5358260572165388,0.05,False,True
FAILED,,,1,2,3.3577672589998704,0.05,True,True
FAILED,,,5000,2,2.381056547697519,0.0297544021864731,True,True
FAILED,,,5000,2,0.001,0.033912317208761,False,True
FAILED,,,1,2,3.704185264838861,0.05,True,True
FAILED,,,1,2,0.001,0.0223267418792128,True,True
FAILED,,,1,2,3.4314491517737857,0.05,True,True
FAILED,,,5000,2,10,0.0397092373155132,False,True
FAILED,,,1,2,4.673892952301851,0.05,False,True
FAILED,,,5000,2,0.001,0.0273382641030763,True,True
FAILED,,,1,2,3.8307554168772335,0.05,True,True
FAILED,,,1,2,3.983882358157661,0.05,False,True
FAILED,,,1,2,2.870876274027294,0.05,True,True
FAILED,,,5000,2,0.001,0.0310913165404601,True,True
FAILED,,,5000,2,0.001,0.0351766250569565,False,True
FAILED,,,1,2,4.6876526671392735,0.05,False,True
FAILED,,,1,2,3.290641562994228,0.05,True,True
FAILED,,,1,2,3.0779124117634935,0.05,False,True
FAILED,,,5000,2,0.001,0.0295805367182711,True,True
FAILED,,,1,2,3.7661631806942744,0.05,True,True
FAILED,,,1,2,0.001,0.022769229879214,True,True
FAILED,,,1,2,3.2955971381772744,0.05,True,True
FAILED,,,1,2,0.001,0.0259665345704684,True,True
FAILED,,,1,2,8.730848365939334,0.05,False,True
FAILED,,,1,2,2.917165487708307,0.05,True,True
FAILED,,,5000,2,1.5389056244087451,0.0374334585194506,False,True
FAILED,,,5000,2,0.001,0.0294296714019623,True,True
FAILED,,,5000,2,4.44199044123303,0.05,False,True
FAILED,,,1,2,3.8393438559218938,0.05,True,True
FAILED,,,5000,2,0.001,0.0337033083595102,False,True
FAILED,,,1,2,4.219854601770803,0.05,True,True
FAILED,,,1,2,0.001,0.0244377211127277,True,True
FAILED,,,1,2,3.494995969206684,0.05,True,True
FAILED,,,5000,2,3.2934341196038885,0.05,False,True
FAILED,,,1,2,9.415453987838813,0.05,False,True
FAILED,,,1,2,2.759425594700219,0.05,True,True
FAILED,,,5000,2,0.001,0.0301040600264321,True,True
FAILED,,,1,2,0.001,0.0187902547141445,True,True
FAILED,,,1,2,3.3333565253064035,0.05,True,True
FAILED,,,1,2,8.72092349194157,0.05,False,True
FAILED,,,1,2,3.3497929394555364,0.05,True,True
FAILED,,,5000,2,2.286556799068924,0.05,False,True
FAILED,,,1,2,3.230805511249793,0.05,True,True
FAILED,,,1,2,4.22527773835314,0.05,True,True
FAILED,,,1,2,3.993331280147159,0.05,False,True
FAILED,,,1,2,3.0313998171846,0.05,True,True
FAILED,,,5000,2,0.001,0.031457560816003,True,True
FAILED,,,1,2,3.8661937451826023,0.05,True,True
FAILED,,,1,2,0.001,0.0248631521212833,True,True
FAILED,,,1,2,3.724475831404704,0.05,True,True
FAILED,,,5000,2,2.6312168005455474,0.0349387041495484,False,True
FAILED,,,1,2,4.19748551406561,0.05,True,True
FAILED,,,5000,2,0.001,0.0309589525503437,True,True
FAILED,,,1,2,3.5101769334598374,0.05,True,True
FAILED,,,1,2,6.6543929261962,0.05,False,True
FAILED,,,1,2,3.0081928308174377,0.05,True,True
FAILED,,,5000,2,0.001,0.0385875093707778,False,True
FAILED,,,1,2,0.001,0.0232749615407171,True,True
FAILED,,,1,2,3.3400447892461607,0.05,True,True
FAILED,,,5000,2,2.615870504968443,0.0352043458702788,True,True
FAILED,,,1,2,3.824409649900208,0.05,True,True
FAILED,,,5000,2,0.001,0.0334848264387521,False,True
FAILED,,,1,2,0.001,0.0243477226912632,True,True
FAILED,,,1,2,3.618693888925016,0.05,True,True
FAILED,,,5000,2,0.001,0.0363570587070568,False,True
FAILED,,,1,2,4.884971298845757,0.05,False,True
FAILED,,,1,2,3.762135971855809,0.05,True,True
FAILED,,,5000,2,0.001,0.0381411865941855,False,True
FAILED,,,1,2,3.5297039486479065,0.05,True,True
FAILED,,,1,2,3.1684949320608724,0.05,True,True
FAILED,,,1,2,3.50874133857262,0.05,True,True
FAILED,,,5000,2,0.001,0.0332735925336361,False,True
FAILED,,,1,2,4.341300085649354,0.05,True,True
FAILED,,,5000,2,0.001,0.0352488347937523,False,True
FAILED,,,1,2,2.609789742073219,0.05,True,True
FAILED,,,1,2,3.723781705369536,0.05,False,True
FAILED,,,1,2,3.6829610546910256,0.05,True,True
FAILED,,,5000,2,0.001,0.0383180458161649,False,True
FAILED,,,1,2,3.3738495790492014,0.05,True,True
FAILED,,,5000,2,2.6754623716712422,0.0339770139590863,True,True
FAILED,,,1,2,3.306261770759618,0.05,True,True
FAILED,,,5000,2,0.001,0.0353589862659374,False,True
FAILED,,,1,2,3.602536863217473,0.05,True,True
FAILED,,,5000,2,0.001,0.0333061667567394,False,True
FAILED,,,1,2,3.7013262862302585,0.05,True,True
FAILED,,,5000,2,0.001,0.0349201214166737,False,True
FAILED,,,1,2,3.4808789109724354,0.05,True,True
FAILED,,,5000,2,0.001,0.0348430049869312,False,True
FAILED,,,1,2,3.890500307260965,0.05,True,True
FAILED,,,1,2,2.8026179374399796,0.05,True,True
FAILED,,,5000,2,0.001,0.0346606473947717,False,True
FAILED,,,1,2,3.648402638880812,0.05,True,True
FAILED,,,1,2,3.619749620842263,0.05,True,True
FAILED,,,5000,2,4.916174114040769,0.0373103515335785,False,True
FAILED,,,1,2,3.336506696668025,0.05,True,True
FAILED,,,5000,2,0.001,0.0356810017678283,False,True
FAILED,,,1,2,3.8599618787998407,0.05,True,True
FAILED,,,5000,2,3.454581099717225,0.0379430799287622,False,True
FAILED,,,1,2,3.5953450573194488,0.05,True,True
FAILED,,,5000,2,1.4456568657085835,0.0315815229290207,False,True
FAILED,,,1,2,3.738484818200273,0.05,True,True
FAILED,,,1,2,1.395512241954972,0.05,False,True
FAILED,,,1,2,3.383187233826405,0.05,True,True
FAILED,,,1,2,3.5201878705720944,0.0238982496745671,True,True
FAILED,,,5000,2,3.688452288124032,0.0379063779006523,False,True
FAILED,,,1,2,3.3689160964817386,0.05,True,True
FAILED,,,5000,2,0.001,0.0350857297469619,False,True
FAILED,,,1,2,3.480891134929233,0.05,True,True
FAILED,,,5000,2,0.001,0.035448101294813,False,True
FAILED,,,1,2,4.804639348224312,0.05,False,True
FAILED,,,1,2,3.459911491259392,0.05,True,True
FAILED,,,1,2,2.013279869284059,0.05,False,True
FAILED,,,5000,2,3.9312902962481258,0.0394883363897132,True,True
FAILED,,,1,2,5.602449383608908,0.05,False,True
FAILED,,,1,2,2.8651964517976567,0.05,True,True
FAILED,,,5000,2,1.3334429304895052,0.0394407995510643,False,True
FAILED,,,5000,2,3.7248947522578337,0.0390541367992868,True,True
FAILED,,,1,2,3.736626985855662,0.05,True,True
FAILED,,,1,2,0.001,0.0220915432648893,True,True
FAILED,,,5000,2,3.680217033350084,0.038155741821972,True,True
FAILED,,,1,2,0.2347241546668022,0.05,False,True
FAILED,,,1,2,3.555461222130851,0.05,True,True
FAILED,,,5000,2,0.001,0.0325032694454681,True,True
FAILED,,,1,2,3.992788070823624,0.05,False,True
FAILED,,,1,2,2.0502853375830896,0.05,True,True
FAILED,,,1,2,0.001,0.0237309423596701,True,True
FAILED,,,1,2,3.4657428130264,0.05,True,True
FAILED,,,1,2,3.8263225697067487,0.05,False,True
FAILED,,,1,2,3.2551294777117374,0.05,True,True
FAILED,,,1,2,0.001,0.0235506556141044,True,True
FAILED,,,1,2,3.668241024044851,0.05,True,True
FAILED,,,5000,2,0.8063833373885639,0.05,False,True
FAILED,,,5000,2,2.711215917611108,0.0291856117991092,True,True
FAILED,,,1,2,3.462855033542194,0.05,True,True
FAILED,,,1,2,3.9027627705213455,0.05,False,True
FAILED,,,1,2,3.0982209157805665,0.05,True,True
FAILED,,,5000,2,0.001,0.0373322174519118,False,True
FAILED,,,1,2,3.7988509748217174,0.05,True,True
FAILED,,,5000,2,3.4196305063223615,0.0373559858626769,True,True
FAILED,,,1,2,3.642162219440893,0.05,True,True
FAILED,,,5000,2,0.001,0.0351922855402153,False,True
FAILED,,,1,2,3.8399299326831007,0.05,True,True
FAILED,,,5000,2,0.001,0.0368416091566999,False,True
FAILED,,,1,2,3.826303125113808,0.05,True,True
FAILED,,,1,2,5.356428924813846,0.05,False,True
FAILED,,,5000,2,0.001,0.0328803519202751,False,True
FAILED,,,1,2,3.8182784054425745,0.05,True,True
FAILED,,,1,2,1.5187924046421124,0.05,False,True
FAILED,,,5000,2,0.0521746346710167,0.0352584953168998,False,True
FAILED,,,1,2,3.633066810172707,0.05,True,True
FAILED,,,1,2,7.730228677271466,0.05,False,True
FAILED,,,5000,2,0.001,0.0361893463820268,False,True
FAILED,,,1,2,1.5809421257955618,0.05,False,True
FAILED,,,1,2,4.078377737696939,0.05,True,True
FAILED,,,5000,2,0.001,0.0282172204430718,True,True
FAILED,,,1,2,3.8525886986254463,0.05,True,True
FAILED,,,1,2,7.060408898196656,0.05,False,True
FAILED,,,5000,2,0.001,0.0389531654439734,False,True
FAILED,,,1,2,3.471986072529268,0.05,True,True
FAILED,,,5000,2,4.504575994655928,0.05,True,True
FAILED,,,1,2,3.93266355469204,0.05,True,True
FAILED,,,5000,2,0.001,0.0322954173079614,False,True
FAILED,,,1,2,3.643197370879911,0.05,True,True
FAILED,,,5000,2,2.8921496018465334,0.039814516652499,False,True
FAILED,,,1,2,0.001,0.0215473930107507,True,True
FAILED,,,1,2,1.1357488105674636,0.05,False,True
FAILED,,,1,2,3.466224115305482,0.05,True,True
FAILED,,,5000,2,0.001,0.0307833499736994,False,True
FAILED,,,1,2,1.4837397106131969,0.05,False,True
FAILED,,,1,2,1.7612273627391564,0.0233328912932471,True,True
FAILED,,,1,2,2.888752733629671,0.05,True,True
FAILED,,,5000,2,8.279726509663552,0.0392551216613203,False,True
FAILED,,,1,2,2.8165883181114446,0.05,True,True
FAILED,,,5000,2,4.524658997621718,0.033258618556011,False,True
FAILED,,,1,2,3.2200675736426088,0.05,True,True
FAILED,,,1,2,3.9418992050306105,0.05,True,True
FAILED,,,4897,2,3.2393432310410044,0.0395545875764429,True,True
FAILED,,,1,2,3.937159218415121,0.05,True,True
FAILED,,,1,2,5.2537154380897455,0.05,False,True
FAILED,,,1,2,3.2147299453588825,0.05,True,True
FAILED,,,5000,2,6.711998211667657,0.0398349936792053,False,True
FAILED,,,1,2,3.480197626876897,0.05,True,True
FAILED,,,1,2,9.947752616924557,0.05,False,True
FAILED,,,5000,2,0.001,0.0399481709723376,False,True
FAILED,,,1,2,3.6577682508853298,0.05,True,True
FAILED,,,1,2,0.0152072733093276,0.05,False,True
FAILED,,,5000,2,3.6827111858239623,0.0382017479516837,True,True
FAILED,,,1,2,3.7990646340514567,0.05,True,True
FAILED,,,1,2,0.001,0.0228177376170362,True,True
FAILED,,,1,2,4.641397743863857,0.05,False,True
FAILED,,,1,2,3.545851463046161,0.05,True,True
FAILED,,,5000,2,3.0549327996618487,0.0390972218819369,False,True
FAILED,,,1,2,2.60978031328178,0.05,True,True
FAILED,,,5000,2,3.801265818199996,0.0382428195581924,False,True
FAILED,,,1,2,3.5860324995785,0.05,True,True
FAILED,,,5000,2,0.001,0.0331822956891409,False,True
FAILED,,,1,2,3.2697432587146453,0.05,True,True
FAILED,,,5000,2,0.001,0.0340273288591174,False,True
FAILED,,,1,2,3.111028233530779,0.05,True,True
FAILED,,,1,2,4.516320379872508,0.05,False,True
FAILED,,,1,2,2.601622127658151,0.05,True,True
FAILED,,,5000,2,0.001,0.0369915831944606,False,True
FAILED,,,1,2,4.096166719400788,0.05,True,True
FAILED,,,5000,2,0.001,0.0323285988359034,False,True
FAILED,,,1,2,9.160636036095626,0.05,False,True
FAILED,,,1,2,3.4416656232810006,0.05,True,True
FAILED,,,1,2,3.692696643383136,0.05,True,True
FAILED,,,5000,2,0.3634779811578163,0.0326120905957156,False,True
FAILED,,,1,2,3.6554048052001193,0.05,True,True
FAILED,,,5000,2,7.41929880085774,0.037687531166689,False,True
FAILED,,,1,2,3.7228119481445527,0.05,False,True
FAILED,,,1,2,2.850605354870325,0.05,True,True
FAILED,,,5000,2,0.001,0.0330528321643087,True,True
FAILED,,,1,2,3.363722438144016,0.05,True,True
FAILED,,,4897,2,3.2363416777738867,0.0375070230389275,True,True
FAILED,,,1,2,9.269029643175037,0.05,True,True
FAILED,,,1,2,3.2170973142169568,0.05,True,True
FAILED,,,1,2,0.001,0.0208007192867075,True,True
FAILED,,,1,2,5.1571953065128335,0.05,False,True
FAILED,,,5000,2,0.001,0.0358145404970617,False,True
FAILED,,,1,2,4.252454093684407,0.05,True,True
FAILED,,,1,2,3.4589675920048752,0.05,False,True
FAILED,,,1,2,3.838925424609804,0.05,True,True
FAILED,,,5000,2,5.146462566678817,0.0361037778295099,False,True
FAILED,,,1,2,3.8981699948195065,0.05,True,True
FAILED,,,1,2,3.872979335679097,0.05,True,True
FAILED,,,5000,2,0.001,0.0343188823158675,False,True
FAILED,,,1,2,7.792007511767326,0.05,False,True
FAILED,,,1,2,7.796711012406577,0.05,True,True
FAILED,,,5000,2,1.3319314795255035,0.038137579357808,False,True
FAILED,,,1,2,4.043694247762722,0.05,True,True
FAILED,,,5000,2,4.588459565238018,0.05,False,True
FAILED,,,1,2,3.384743401299264,0.05,True,True
FAILED,,,5000,2,0.001,0.0337343286312238,False,True
FAILED,,,1,2,3.5352159308740223,0.05,True,True
FAILED,,,1,2,3.7926926432603274,0.05,True,True
FAILED,,,1,2,0.001,0.0231565731257576,True,True
FAILED,,,5000,2,2.097055101058971,0.0375170546947448,False,True
FAILED,,,1,2,9.12293523027561,0.05,False,True
FAILED,,,1,2,3.8109495091895167,0.05,True,True
FAILED,,,5000,2,0.001,0.0354291697589305,False,True
FAILED,,,1,2,3.7244423555564974,0.05,True,True
FAILED,,,1,2,0.2780877793325295,0.05,False,True
FAILED,,,1,2,4.089047733541886,0.05,True,True
FAILED,,,5000,2,0.8554272728041774,0.0321720141396327,True,True
FAILED,,,1,2,3.46480204117542,0.05,True,True
FAILED,,,5000,2,4.126370794572924,0.0339235575276568,False,True
FAILED,,,1,2,3.355716782417775,0.05,True,True
FAILED,,,5000,2,3.1475567396426047,0.0386500255643976,False,True
FAILED,,,1,2,3.915956382659464,0.05,True,True
FAILED,,,1,2,3.6194069970815503,0.05,True,True
FAILED,,,5000,2,0.001,0.0367854354932831,False,True
FAILED,,,1,2,3.650739523298817,0.05,False,True
FAILED,,,1,2,3.534294359251968,0.05,True,True
FAILED,,,5000,2,0.001,0.0344482806620486,False,True
FAILED,,,1,2,3.40973156050328,0.05,True,True
FAILED,,,5000,2,0.001,0.0340938156347397,False,True
FAILED,,,1,2,3.464574164565773,0.05,False,True
FAILED,,,1,2,2.9807094592710874,0.05,True,True
FAILED,,,5000,2,0.001,0.0301231819253814,False,True
FAILED,,,1,2,3.656849139180193,0.05,True,True
FAILED,,,1,2,0.001,0.0204702292636634,True,True
FAILED,,,1,2,3.151818946064312,0.05,True,True
FAILED,,,1,2,2.243483617171063,0.05,False,True
FAILED,,,1,2,3.888876995055448,0.05,True,True
FAILED,,,5000,2,0.001,0.0354544525159369,False,True
FAILED,,,1,2,3.4701973074723806,0.05,True,True
FAILED,,,1,2,1.1973420844695528,0.05,False,True
FAILED,,,1,2,2.202727562757092,0.0244232798526281,True,True
FAILED,,,1,2,3.8980923018243807,0.05,True,True
FAILED,,,5000,2,7.231925048177434,0.0395140752354973,False,True
FAILED,,,5000,2,0.001,0.0338191064152934,False,True
FAILED,,,1,2,6.840870213439861,0.05,False,True
FAILED,,,5000,2,4.480313657318301,0.039511567801785,False,True
FAILED,,,1,2,3.9166775044611017,0.05,True,True
FAILED,,,5000,2,0.001,0.033413783070988,False,True
FAILED,,,1,2,3.456488255382584,0.05,True,True
FAILED,,,5000,2,0.001,0.0349453831242533,False,True
FAILED,,,1,2,0.2065634410743683,0.05,False,True
FAILED,,,1,2,3.738441329467488,0.05,True,True
FAILED,,,5000,2,0.001,0.0281520747827713,True,True
FAILED,,,1,2,5.797486054391627,0.05,False,True
FAILED,,,1,2,3.4675628153247606,0.05,True,True
FAILED,,,5000,2,2.6234748594973296,0.0352376236944131,False,True
FAILED,,,1,2,3.029989770734679,0.05,True,True
FAILED,,,5000,2,0.001,0.0327805963935071,False,True
FAILED,,,1,2,3.700101488016665,0.05,True,True
FAILED,,,1,2,6.4441889958574405,0.05,False,True
FAILED,,,4754,3,3.359412827037852,0.0364197480673779,False,True
FAILED,,,5000,2,0.0102684739584523,0.0378954930895264,False,True
FAILED,,,1,2,4.2189925400737085,0.05,True,True
FAILED,,,5000,2,0.0012532593982865,0.0375475033137964,False,True
FAILED,,,1,2,3.3325900777622577,0.05,False,True
FAILED,,,1,2,3.4368355587487525,0.05,True,True
FAILED,,,5000,2,0.001,0.0355821332677066,False,True
FAILED,,,1,2,3.32327000707326,0.05,True,True
FAILED,,,5000,2,0.0010023304233448,0.0363318153080005,False,True
FAILED,,,1,2,2.7081257541201604,0.05,True,True
FAILED,,,5000,2,0.001,0.0306429129275771,True,True
FAILED,,,1,2,3.723921488015711,0.05,True,True
FAILED,,,5000,2,0.001,0.0354817076548015,False,True
FAILED,,,1,2,4.312559705630931,0.05,False,True
FAILED,,,1,2,3.6878495511371026,0.05,True,True
FAILED,,,1,2,4.93946999518604,0.05,False,True
FAILED,,,1,2,3.2401068881709447,0.05,True,True
FAILED,,,5000,2,0.001,0.0362157768480034,False,True
FAILED,,,1,2,3.4724506487247755,0.05,True,True
FAILED,,,1,2,0.001,0.0224533425354037,True,True
FAILED,,,1,2,3.7848606209891273,0.05,True,True
FAILED,,,1,2,6.554349411456508,0.05,False,True
FAILED,,,5000,2,0.001,0.0358390006661543,False,True
FAILED,,,1,2,3.510671901750529,0.05,True,True
FAILED,,,1,2,3.4237037000669135,0.05,True,True
FAILED,,,1,2,3.53320864554962,0.05,True,True
FAILED,,,1,2,7.123873835880269,0.05,False,True
FAILED,,,1,2,3.78470528784046,0.05,True,True
FAILED,,,5000,2,4.516141629302387,0.0392129027136652,False,True
FAILED,,,1,2,3.245674675680543,0.05,True,True
FAILED,,,1,2,3.9712247764007578,0.05,False,True
FAILED,,,1,2,2.9015262354653126,0.05,True,True
FAILED,,,5000,2,0.001,0.0293678253230353,True,True
FAILED,,,1,2,3.787637258486485,0.05,True,True
FAILED,,,1,2,3.5747361362792374,0.05,True,True
FAILED,,,5000,2,4.443963007391791,0.05,False,True
FAILED,,,1,2,3.251604325222284,0.05,True,True
FAILED,,,5000,2,0.001,0.0327552592480352,True,True
FAILED,,,1,2,3.271221791140696,0.05,True,True
FAILED,,,5000,2,0.001,0.0345161911862372,False,True
FAILED,,,1,2,3.872950251484628,0.05,True,True
FAILED,,,5000,2,3.8181593605838686,0.0376654260194843,False,True
FAILED,,,1,2,7.133359840202408,0.05,True,True
FAILED,,,5000,2,0.0010022217895654,0.0312531133356824,True,True
FAILED,,,1,2,3.815801636610839,0.05,True,True
FAILED,,,5000,2,0.001,0.0343585322529492,False,True
FAILED,,,1,2,3.2502200047089,0.05,True,True
FAILED,,,5000,2,5.0059107364446,0.0398659522358573,False,True
FAILED,,,1,2,4.012815194425666,0.05,True,True
FAILED,,,5000,2,0.001,0.0349929915448687,False,True
FAILED,,,1,2,3.943840679554485,0.05,True,True
FAILED,,,5000,2,0.001,0.0262668836233139,True,True
FAILED,,,1,2,4.084978213523055,0.05,True,True
FAILED,,,5000,2,0.001,0.0313276493736689,False,True
FAILED,,,1,2,3.813988852081251,0.05,True,True
FAILED,,,5000,2,2.715742822001539,0.0363806574296148,True,True
FAILED,,,1,2,4.023942616924793,0.05,True,True
FAILED,,,1,2,3.6566453305734297,0.05,True,True
FAILED,,,5000,2,0.001,0.036479373690197,False,True
FAILED,,,1,2,3.5953018630657727,0.05,True,True
FAILED,,,5000,2,0.001,0.033297359633476,False,True
FAILED,,,5000,2,0.001,0.0348001351838956,False,True
FAILED,,,1,2,3.8358996305921784,0.05,True,True
FAILED,,,1,2,0.001,0.0235309787481744,True,True
FAILED,,,1,2,3.5352725511358885,0.05,True,True
FAILED,,,5000,2,3.1273596377315855,0.0374545112993827,True,True
FAILED,,,1,2,3.571160210117371,0.05,True,True
FAILED,,,5000,2,0.001,0.0330393259493852,False,True
FAILED,,,1,2,8.765938057849613,0.05,True,True
FAILED,,,1,2,2.1173346283792718,0.05,False,True
FAILED,,,1,2,3.5256682134871276,0.05,True,True
FAILED,,,5000,2,0.001,0.0307362550274018,False,True
FAILED,,,1,2,3.6173127728470207,0.05,True,True
FAILED,,,1,2,2.9626297358522558,0.05,True,True
FAILED,,,5000,2,0.001,0.0301821531600621,True,True
FAILED,,,1,2,6.106345390790508,0.05,False,True
FAILED,,,1,2,3.0683645181045027,0.05,True,True
FAILED,,,5000,2,0.001,0.0327908877690253,True,True
FAILED,,,1,2,2.759672436593616,0.05,False,True
FAILED,,,1,2,3.6297078160140166,0.05,True,True
FAILED,,,1,2,4.004924836854901,0.05,True,True
FAILED,,,1,2,3.420018721015525,0.05,False,True
FAILED,,,1,2,3.169590118774248,0.05,True,True
FAILED,,,5000,2,4.009749748745903,0.0382251210831667,False,True
FAILED,,,1,2,2.6326081807139174,0.05,True,True
FAILED,,,5000,2,1.2029226961011736,0.0373680311859668,False,True
FAILED,,,1,2,3.738576277624978,0.05,True,True
FAILED,,,5000,2,1.8724198458130243,0.0370755459595947,False,True
FAILED,,,1,2,3.2855374293948985,0.05,True,True
FAILED,,,1,2,2.4229504452702737,0.0247237403949411,True,True
FAILED,,,1,2,4.400569164323262,0.05,False,True
FAILED,,,1,2,3.0927315121070524,0.05,True,True
FAILED,,,5000,2,0.001,0.0346038182212173,False,True
FAILED,,,1,2,4.036061031618478,0.05,True,True
FAILED,,,5000,2,0.001,0.0372204165646112,False,True
FAILED,,,1,2,2.115804017450985,0.05,False,True
FAILED,,,1,2,3.7524289567617704,0.05,True,True
FAILED,,,1,2,3.063260387457138,0.05,True,True
FAILED,,,1,2,1.3830434191011363,0.05,False,True
FAILED,,,1,2,4.108571046269386,0.05,True,True
FAILED,,,1,2,5.017191336495471,0.05,False,True
FAILED,,,1,2,3.8185544982804505,0.05,True,True
FAILED,,,5000,2,0.001,0.0392961112331218,False,True
FAILED,,,1,2,3.7866092997289136,0.05,True,True
FAILED,,,5000,2,0.001,0.0271223731064047,True,True
FAILED,,,1,2,3.1139008962065127,0.05,True,True
FAILED,,,5000,2,10,0.0404332641165789,False,True
FAILED,,,1,2,3.261868277709042,0.05,True,True
FAILED,,,1,2,3.5951365073391166,0.05,True,True
FAILED,,,1,2,3.715355637034864,0.05,True,True
FAILED,,,5000,2,0.001,0.0378433087928491,False,True
FAILED,,,5000,2,0.001,0.0271008633956267,True,True
FAILED,,,1,2,3.378704266434201,0.05,True,True
FAILED,,,5000,2,0.001,0.0309791217966679,True,True
FAILED,,,1,2,3.735634082729693,0.05,True,True
FAILED,,,5000,2,0.001,0.0323058917323683,False,True
FAILED,,,1,2,3.4525001652376504,0.05,True,True
FAILED,,,5000,2,0.001,0.0317254422493656,True,True
FAILED,,,1,2,2.1620148843394,0.05,False,True
FAILED,,,1,2,3.403695537637889,0.05,True,True
FAILED,,,5000,2,3.0117090190489555,0.05,False,True
FAILED,,,1,2,3.644903068632768,0.05,True,True
FAILED,,,5000,2,3.2167067080936995,0.0379916842552918,True,True
FAILED,,,1,2,9.97643813065092,0.05,True,True
FAILED,,,5000,2,0.7211603569000303,0.0326696419375716,False,True
FAILED,,,5000,2,0.001,0.0299350961360836,True,True
FAILED,,,1,2,3.628775924597504,0.05,True,True
FAILED,,,1,2,7.845773078710632,0.05,False,True
FAILED,,,1,2,3.7242337121660665,0.05,True,True
FAILED,,,1,2,3.999505585311681,0.05,False,True
FAILED,,,1,2,4.153868981201091,0.05,True,True
FAILED,,,5000,2,0.001,0.0292472225903851,True,True
FAILED,,,1,2,0.3541721337436881,0.05,False,True
FAILED,,,1,2,3.18277500083008,0.05,True,True
FAILED,,,1,2,3.166044821509566,0.05,True,True
FAILED,,,1,2,3.583195374555551,0.05,True,True
FAILED,,,1,2,3.8381447408573313,0.05,True,True
FAILED,,,5000,2,0.001,0.0333331293541065,False,True
FAILED,,,5000,2,2.813241062462552,0.0362765974591249,False,True
FAILED,,,1,2,5.336932690750575,0.05,False,True
FAILED,,,1,2,4.078616212630837,0.05,True,True
FAILED,,,5000,2,0.001,0.0304681967443156,True,True
FAILED,,,1,2,0.001,0.0241934734228295,True,True
FAILED,,,1,2,3.377956909346587,0.05,True,True
FAILED,,,1,2,3.375587560148852,0.05,True,True
FAILED,,,1,2,3.7848700880713224,0.05,True,True
FAILED,,,1,2,3.772103290250653,0.05,True,True
FAILED,,,1,2,0.0010000000000001,0.05,False,True
FAILED,,,1,2,3.555713839398913,0.05,True,True
FAILED,,,5000,2,2.4443675151520394,0.0418447481346778,False,True
FAILED,,,1,2,3.405849916842384,0.05,True,True
FAILED,,,5000,2,0.001,0.037277696282864,False,True
FAILED,,,1,2,3.622435274722791,0.05,True,True
FAILED,,,1,2,3.3409897143615845,0.05,False,True
FAILED,,,1,2,3.5444099145536048,0.05,True,True
FAILED,,,5000,2,0.001,0.0280053452444518,True,True
FAILED,,,1,2,3.0569689104931697,0.05,True,True
FAILED,,,1,2,7.436137474827442,0.05,False,True
FAILED,,,1,2,3.421654170525181,0.05,True,True
FAILED,,,5000,2,0.001,0.0303678032260494,True,True
FAILED,,,1,2,2.088932129908068,0.05,False,True
FAILED,,,1,2,4.188443833653589,0.05,True,True
FAILED,,,5000,2,3.6072824571073534,0.0400153007953807,False,True
FAILED,,,1,2,3.32478423147616,0.05,True,True
FAILED,,,5000,2,0.0512177757644485,0.0345584602244829,False,True
FAILED,,,1,2,4.092327771428783,0.05,True,True
FAILED,,,1,2,0.001,0.0244023481110717,True,True
FAILED,,,1,2,3.280787661959496,0.05,True,True
FAILED,,,1,2,7.005270121572179,0.05,False,True
FAILED,,,1,2,3.070779548009173,0.05,True,True
FAILED,,,5000,2,0.001,0.0362744533813528,False,True
FAILED,,,1,2,3.785574322545836,0.05,True,True
FAILED,,,5000,2,1.5722567413162047,0.0382778845623496,False,True
FAILED,,,1,2,3.9272580809069817,0.05,True,True
FAILED,,,1,2,3.910907116502079,0.05,True,True
FAILED,,,5000,2,0.001,0.0291413470737992,True,True
FAILED,,,1,2,3.3346884465030184,0.05,False,True
FAILED,,,1,2,3.09432751657444,0.05,True,True
FAILED,,,5000,2,2.7611013905603086,0.0396957565453274,False,True
FAILED,,,1,2,4.451759262399459,0.05,True,True
FAILED,,,5000,2,4.065027499649134,0.037290253163077,False,True
FAILED,,,1,2,3.5707317098057505,0.05,True,True
FAILED,,,1,2,3.531364266016425,0.05,True,True
FAILED,,,5000,2,0.001,0.0353523911375062,False,True
FAILED,,,1,2,3.6923689885084015,0.05,True,True
FAILED,,,5000,2,3.500758036718661,0.0364147444115722,True,True
FAILED,,,1,2,8.194342507346914,0.05,False,True
FAILED,,,1,2,3.0614738751728545,0.05,True,True
FAILED,,,1,2,6.287908889112488,0.05,False,True
FAILED,,,1,2,3.432121390740927,0.05,True,True
FAILED,,,1,2,1.642917187748009,0.0230860654764565,True,True
FAILED,,,5000,2,0.001,0.036217916028357,False,True
FAILED,,,1,2,3.4844314888409924,0.05,True,True
FAILED,,,4754,3,4.810361716094289,0.0356458092662369,False,True
FAILED,,,1,2,3.855216102184428,0.05,True,True
FAILED,,,1,2,0.001,0.022946430117358,True,True
FAILED,,,5000,2,0.001,0.0374026575723162,False,True
FAILED,,,1,2,4.146979782197745,0.05,False,True
FAILED,,,1,2,3.4346837731715745,0.05,True,True
FAILED,,,1,2,3.158219384386939,0.023111093868056,True,True
FAILED,,,5000,2,3.664421302248371,0.0377979832415721,True,True
FAILED,,,1,2,1.639661613979458,0.05,False,True
FAILED,,,1,2,3.7625575910092106,0.05,True,True
FAILED,,,1,2,3.622829098728389,0.05,True,True
FAILED,,,5000,2,3.420652136028708,0.0380233319386484,False,True
FAILED,,,1,2,3.288464457307314,0.05,True,True
FAILED,,,1,2,0.001,0.0255661023959195,True,True
FAILED,,,1,2,3.833891420598688,0.05,False,True
FAILED,,,1,2,3.6478931514284434,0.05,True,True
FAILED,,,5000,2,0.001,0.0284931271272426,True,True
FAILED,,,1,2,0.001,0.023261888774463,True,True
FAILED,,,1,2,3.8327894143619754,0.05,True,True
FAILED,,,5000,2,0.001,0.0398824295646209,False,True
FAILED,,,1,2,2.945874192546343,0.05,True,True
FAILED,,,5000,2,0.001,0.0269173667292696,True,True
FAILED,,,1,2,3.5718357874073456,0.05,True,True
FAILED,,,1,2,3.11947731067333,0.0240284648145138,True,True
FAILED,,,1,2,4.007598342652508,0.05,True,True
FAILED,,,1,2,8.854937048260515,0.05,False,True
FAILED,,,5000,2,0.001,0.03497472430945,False,True
FAILED,,,1,2,3.731948626010872,0.05,True,True
FAILED,,,5000,2,0.001,0.0296203575191279,True,True
FAILED,,,1,2,9.935982845126508,0.05,True,True
FAILED,,,1,2,0.001,0.0218906887911519,True,True
FAILED,,,1,2,0.001,0.024266183993387,True,True
FAILED,,,1,2,3.5490067749535967,0.05,True,True
FAILED,,,1,2,3.825535972819596,0.05,True,True
FAILED,,,5000,2,1.1461598008112452,0.0402489136352541,False,True
FAILED,,,1,2,8.464556041922174,0.05,False,True
FAILED,,,5000,2,4.18446099323309,0.0386952511204739,False,True
FAILED,,,1,2,3.883866026142012,0.05,True,True
FAILED,,,1,2,3.692857223719329,0.05,True,True
FAILED,,,1,2,3.696671789924943,0.05,True,True
FAILED,,,5000,2,0.001,0.0327345579795106,False,True
FAILED,,,1,2,2.206906615593637,0.05,False,True
FAILED,,,1,2,3.9981677930406256,0.05,True,True
FAILED,,,5000,2,0.001,0.0320864626703836,False,True
FAILED,,,5000,2,0.001,0.036068744308462,False,True
FAILED,,,1,2,4.291460892725438,0.05,False,True
FAILED,,,1,2,3.734682376939777,0.05,True,True
FAILED,,,1,2,0.001,0.0222026594176676,True,True
FAILED,,,1,2,3.5222834624052366,0.05,True,True
FAILED,,,5000,2,0.001,0.0303830771652405,True,True
FAILED,,,1,2,3.439724603469584,0.05,True,True
FAILED,,,5000,2,0.001,0.0277045789499598,True,True
FAILED,,,1,2,3.099686111167025,0.05,True,True
FAILED,,,1,2,3.9204491025932926,0.05,True,True
FAILED,,,5000,2,0.001,0.0349128926199218,False,True
FAILED,,,1,2,9.639904817706922,0.05,False,True
FAILED,,,5000,2,0.001,0.0358609129998761,False,True
FAILED,,,1,2,3.4075845299259946,0.05,True,True
FAILED,,,1,2,3.0775622000190457,0.05,True,True
FAILED,,,1,2,4.007196912064456,0.05,True,True
FAILED,,,1,2,3.3080342296959646,0.05,True,True
FAILED,,,1,2,0.001,0.0230073707558756,True,True
FAILED,,,1,2,3.4750113257837647,0.05,True,True
FAILED,,,1,2,0.263212647056425,0.05,False,True
FAILED,,,1,2,0.3302140516713794,0.0234484236399879,True,True
FAILED,,,1,2,0.1425473888241687,0.05,False,True
FAILED,,,1,2,3.815167649048768,0.05,True,True
FAILED,,,1,2,0.001,0.0239124945619357,True,True
FAILED,,,1,2,9.431360898229569,0.05,False,True
FAILED,,,1,2,9.27751676492965,0.05,True,True
FAILED,,,1,2,0.001,0.0224323948422736,True,True
FAILED,,,1,2,4.199088610977819,0.05,False,True
FAILED,,,1,2,3.7034255393920046,0.05,True,True
FAILED,,,1,2,3.5545608864710063,0.05,True,True
FAILED,,,5000,2,0.001,0.0358389228921347,False,True
FAILED,,,1,2,2.9455080600191703,0.05,True,True
FAILED,,,1,2,3.4270457077611014,0.05,True,True
FAILED,,,1,2,3.8142990794391216,0.05,True,True
FAILED,,,5000,2,0.001,0.0299218325992004,True,True
FAILED,,,1,2,3.383267082351128,0.05,True,True
FAILED,,,5000,2,2.471819075555105,0.0365368323693773,False,True
FAILED,,,1,2,3.528948950999736,0.05,True,True
FAILED,,,5000,2,10,0.0397344864618973,False,True
FAILED,,,1,2,3.865557967649124,0.05,True,True
FAILED,,,5000,2,3.4204377089428246,0.0403185730130309,True,True
FAILED,,,1,2,3.5248986092118004,0.05,True,True
FAILED,,,1,2,4.817807629010733,0.05,False,True
FAILED,,,1,2,3.8320059408734446,0.05,True,True
FAILED,,,1,2,3.2923603228466862,0.05,True,True
FAILED,,,1,2,0.001,0.0230069324262585,True,True
FAILED,,,5000,2,0.001,0.0304323322368118,True,True
FAILED,,,1,2,3.547167707733964,0.05,True,True
FAILED,,,5000,2,0.001,0.0323054112476392,False,True
FAILED,,,1,2,3.7561468329500154,0.05,True,True
FAILED,,,5000,2,0.001,0.0323479348183711,True,True
FAILED,,,1,2,5.463818003832302,0.05,False,True
FAILED,,,1,2,3.596452355273513,0.05,True,True
FAILED,,,5000,2,0.001,0.028141577437709,True,True
FAILED,,,1,2,0.001,0.0233711083095936,True,True
FAILED,,,5000,2,3.280882349015062,0.0354362020897851,False,True
FAILED,,,1,2,3.867074825242456,0.05,True,True
FAILED,,,5000,2,3.8120660611856825,0.05,True,True
FAILED,,,5000,2,0.001,0.0302118454735107,False,True
FAILED,,,1,2,3.588800285530425,0.05,True,True
FAILED,,,5000,2,1.075848902865847,0.0383979941108857,False,True
FAILED,,,1,2,3.942393083474877,0.05,True,True
FAILED,,,1,2,4.230483336395435,0.05,True,True
FAILED,,,5000,2,0.1549167437472759,0.0365631590555115,False,True
FAILED,,,1,2,4.962492641948035,0.05,False,True
FAILED,,,1,2,3.550067597045471,0.05,True,True
FAILED,,,5000,2,0.001,0.034936077103207,False,True
FAILED,,,1,2,3.9448248976000726,0.05,True,True
FAILED,,,5000,2,1.8928081303991535,0.05,False,True
FAILED,,,1,2,3.713611511936459,0.05,True,True
FAILED,,,1,2,2.295690163883689,0.05,False,True
FAILED,,,1,2,3.672262182831908,0.05,True,True
FAILED,,,5000,2,0.001,0.0331345338272946,False,True
FAILED,,,1,2,2.081802233056776,0.05,False,True
FAILED,,,1,2,3.4823035935189526,0.05,True,True
FAILED,,,1,2,3.836005936162428,0.05,True,True
FAILED,,,5000,2,0.001,0.030685302121442,True,True
FAILED,,,5000,2,7.424160957174759,0.0386155563701469,False,True
FAILED,,,1,2,3.3926223984394768,0.05,True,True
FAILED,,,1,2,0.001,0.0236401163994397,True,True
FAILED,,,1,2,3.5353306381661116,0.05,True,True
FAILED,,,1,2,6.716058917183736,0.05,False,True
FAILED,,,5000,2,0.001,0.0400687348546128,False,True
FAILED,,,1,2,3.8041760702770846,0.05,True,True
FAILED,,,1,2,3.665072338534241,0.05,True,True
FAILED,,,1,2,0.001,0.0240913481004315,True,True
FAILED,,,1,2,0.2921542587893742,0.05,False,True
FAILED,,,1,2,4.21495680872609,0.05,True,True
FAILED,,,5000,2,0.001,0.0311123024451322,False,True
FAILED,,,1,2,7.1460328584228865,0.05,True,True
FAILED,,,5000,2,4.63158688197442,0.0387989683445955,False,True
FAILED,,,1,2,3.504724898514854,0.05,True,True
FAILED,,,1,2,0.001,0.0236911416053429,True,True
FAILED,,,1,2,3.6280765506668073,0.05,True,True
FAILED,,,1,2,5.017736337657264,0.05,False,True
FAILED,,,1,2,4.123094061031703,0.05,True,True
FAILED,,,5000,2,0.001,0.0374314530788638,False,True
FAILED,,,1,2,3.6461668427212217,0.05,True,True
FAILED,,,1,2,0.001,0.0226936039141412,True,True
FAILED,,,1,2,3.0551481892789374,0.05,True,True
FAILED,,,1,2,9.637524869725954,0.05,False,True
FAILED,,,5000,2,0.2790781394221059,0.05,False,True
FAILED,,,5000,2,0.001,0.0310802573695961,False,True
FAILED,,,1,2,2.864465235994983,0.05,True,True
FAILED,,,5000,2,2.2333735515614843,0.039609302222193,False,True
FAILED,,,1,2,2.1162564213213058,0.05,True,True
FAILED,,,1,2,1.609113785123952,0.05,False,True
FAILED,,,1,2,3.4706283288917685,0.05,True,True
FAILED,,,5000,2,0.001,0.0389167174187239,False,True
FAILED,,,1,2,1.6807095522694984,0.05,True,True
FAILED,,,5000,2,10,0.0403296974538716,False,True
FAILED,,,1,2,1.8734889295314887,0.05,False,True
FAILED,,,1,2,3.422607672854329,0.05,True,True
FAILED,,,5000,2,0.001,0.0365566520741093,False,True
FAILED,,,1,2,0.8855683640093134,0.05,False,True
FAILED,,,1,2,3.597259395217868,0.05,True,True
FAILED,,,1,2,5.129690878989163,0.05,False,True
FAILED,,,1,2,3.978765981751768,0.05,True,True
FAILED,,,1,2,1.9985317338133008,0.05,False,True
FAILED,,,1,2,3.63813581862556,0.05,True,True
FAILED,,,1,2,9.999999999999998,0.05,False,True
FAILED,,,5000,2,2.6793391691605315,0.0366509539667084,False,True
FAILED,,,1,2,3.685500614143395,0.05,True,True
FAILED,,,5000,2,3.469599045460859,0.0347335283266122,False,True
FAILED,,,1,2,3.6260557839281455,0.05,True,True
FAILED,,,1,2,9.584087583941905,0.05,False,True
FAILED,,,1,2,3.0507082364389593,0.05,True,True
FAILED,,,5000,2,2.1843518563394366,0.0379052225221306,False,True
FAILED,,,1,2,9.980427625790623,0.05,False,True
FAILED,,,1,2,3.824578854568758,0.05,True,True
FAILED,,,1,2,3.691588704412597,0.05,True,True
FAILED,,,1,2,3.4502473454446245,0.05,True,True
FAILED,,,5000,2,3.3035555268866967,0.0394984295463846,True,True
FAILED,,,5000,2,0.001,0.0343337843772781,False,True
FAILED,,,1,2,5.8795751429831675,0.05,False,True
FAILED,,,1,2,3.0213648285038497,0.05,True,True
FAILED,,,5000,2,0.001,0.0383719594252246,False,True
FAILED,,,1,2,3.169430270266135,0.05,True,True
FAILED,,,1,2,0.001,0.0225185218009376,True,True
FAILED,,,1,2,3.17557630168801,0.05,True,True
FAILED,,,1,2,3.965765775333274,0.05,True,True
FAILED,,,5000,2,0.001,0.0349884287434891,False,True
FAILED,,,1,2,3.720728103919525,0.05,True,True
FAILED,,,1,2,4.299352562277192,0.05,True,True
FAILED,,,1,2,5.89004675733794,0.05,False,True
FAILED,,,1,2,3.4206696066165114,0.05,True,True
FAILED,,,5000,2,0.001,0.0376884365670185,False,True
FAILED,,,1,2,3.343271734077214,0.05,True,True
FAILED,,,5000,2,0.001,0.0315166917786979,False,True
FAILED,,,1,2,4.134171294731175,0.05,True,True
FAILED,,,4906,2,2.496568483320876,0.0369686594482332,False,True
FAILED,,,1,2,3.1733186996204044,0.05,True,True
FAILED,,,1,2,0.001,0.0237782999850753,True,True
FAILED,,,1,2,3.086337569698556,0.05,True,True
FAILED,,,1,2,2.662604534102602,0.05,False,True
FAILED,,,1,2,4.035589485740536,0.05,True,True
FAILED,,,5000,2,0.001,0.0390958694318101,False,True
FAILED,,,1,2,2.957972183686372,0.05,True,True
FAILED,,,1,2,3.644834652896648,0.05,True,True
FAILED,,,5000,2,0.001,0.0281314654905599,True,True
FAILED,,,5000,2,0.001,0.0368902386329951,False,True
FAILED,,,1,2,3.687708369364723,0.05,True,True
FAILED,,,1,2,7.406879345062288,0.05,False,True
FAILED,,,1,2,3.727219208798216,0.05,True,True
FAILED,,,5000,2,0.001,0.0274805237861146,True,True
FAILED,,,5000,2,1.6719684377244517,0.05,False,True
FAILED,,,5000,2,0.001,0.0300524132821085,True,True
FAILED,,,1,2,2.7167760574026745,0.05,False,True
FAILED,,,1,2,3.354962798409417,0.05,True,True
FAILED,,,5000,2,0.001,0.0372865643150418,False,True
FAILED,,,1,2,3.318711895385792,0.05,True,True
FAILED,,,1,2,8.49261581758096,0.05,False,True
FAILED,,,1,2,3.38614992216129,0.05,True,True
FAILED,,,1,2,7.985365672174433,0.05,False,True
FAILED,,,1,2,3.7819473743359375,0.05,True,True
FAILED,,,5000,2,0.001,0.0392565437541887,False,True
FAILED,,,1,2,2.742550445423457,0.05,True,True
FAILED,,,5000,2,0.001,0.0300113831492999,True,True
FAILED,,,1,2,2.6927519526761095,0.05,True,True
FAILED,,,1,2,9.987979231318649,0.05,False,True
FAILED,,,1,2,3.8748113394834887,0.05,True,True
FAILED,,,1,2,0.001,0.0239105210285266,True,True
FAILED,,,1,2,0.3608912753067863,0.05,False,True
FAILED,,,1,2,3.417605545092746,0.05,True,True
FAILED,,,1,2,2.943663690119731,0.05,False,True
FAILED,,,1,2,3.2371930386878445,0.05,True,True
FAILED,,,1,2,2.204802515514175,0.05,False,True
FAILED,,,1,2,2.880341817508347,0.05,True,True
FAILED,,,5000,2,2.4013442800801124,0.0348459901874963,False,True
FAILED,,,1,2,3.8424741157741034,0.05,True,True
FAILED,,,4754,2,4.184000520515354,0.0405922685273251,False,True
FAILED,,,1,2,4.5584237485134285,0.05,True,True
FAILED,,,1,2,6.800437202372065,0.05,False,True
FAILED,,,5000,2,0.001,0.03258769857904,False,True
FAILED,,,1,2,1.0861825782802033,0.05,False,True
FAILED,,,1,2,3.9421436800718954,0.05,True,True
FAILED,,,1,2,3.8316430543794375,0.05,True,True
FAILED,,,5000,2,0.001,0.0348326376179534,False,True
FAILED,,,1,2,4.661208834760836,0.05,False,True
FAILED,,,1,2,3.3301005791219955,0.05,True,True
FAILED,,,5000,2,6.101113980755732,0.0380195115432052,False,True
FAILED,,,1,2,2.71845740233398,0.05,True,True
FAILED,,,1,2,5.270566084687559,0.05,False,True
FAILED,,,5000,2,7.53302921729828,0.0391944972008307,False,True
FAILED,,,1,2,3.799210192430581,0.05,True,True
FAILED,,,5000,2,0.001,0.0325411263093023,False,True
FAILED,,,1,2,3.78078189522011,0.05,True,True
FAILED,,,5000,2,0.001,0.0329150137453338,False,True
FAILED,,,1,2,9.885856795059007,0.05,False,True
FAILED,,,1,2,3.402158621339376,0.05,False,True
FAILED,,,1,2,2.7174174208645003,0.05,True,True
FAILED,,,5000,2,0.0010000000000001,0.0386701960236217,False,True
FAILED,,,1,2,3.578143398239348,0.05,True,True
FAILED,,,5000,2,1.7712988031284123,0.0345101802400251,False,True
FAILED,,,1,2,2.497780995409197,0.05,True,True
FAILED,,,1,2,3.4466067793311574,0.05,True,True
FAILED,,,5000,2,0.001,0.037194329865193,False,True
FAILED,,,1,2,3.6810892226567296,0.05,True,True
FAILED,,,1,2,5.001858310772377,0.05,False,True
FAILED,,,1,2,3.78309520247312,0.05,True,True
FAILED,,,1,2,0.001,0.0252829226571991,True,True
FAILED,,,1,2,4.181657184947015,0.05,True,True
FAILED,,,5000,2,3.516123727817752,0.0367044160482451,False,True
FAILED,,,1,2,0.1699654188696935,0.05,False,True
FAILED,,,1,2,3.8188809821002705,0.05,True,True
FAILED,,,5000,2,0.001,0.0376362366928635,False,True
FAILED,,,1,2,8.121939904713576,0.05,False,True
FAILED,,,1,2,3.6072251257018895,0.05,True,True
FAILED,,,5000,2,0.001,0.0351995786611527,False,True
FAILED,,,1,2,9.78061974830214,0.05,False,True
FAILED,,,5000,2,0.001,0.0272193668851909,True,True
FAILED,,,1,2,3.779597768828056,0.05,True,True
FAILED,,,1,2,2.9658930043074294,0.05,False,True
FAILED,,,1,2,3.497232172560115,0.05,True,True
FAILED,,,5000,2,0.001,0.0395388892621801,False,True
FAILED,,,1,2,3.5108978169237184,0.05,True,True
FAILED,,,1,2,3.9766736261899385,0.05,True,True
FAILED,,,5000,2,9.903592445157456,0.0324544976328043,False,True
FAILED,,,1,2,3.739219138935335,0.05,True,True
FAILED,,,1,2,3.3721613266123267,0.05,True,True
FAILED,,,1,2,3.844843008901752,0.05,True,True
FAILED,,,5000,2,9.996728848176694,0.0400510578075156,False,True
FAILED,,,5000,2,0.001,0.0281307449572786,True,True
FAILED,,,1,2,0.265417578879441,0.05,False,True
FAILED,,,1,2,0.001,0.0246641249778074,True,True
FAILED,,,1,2,3.296477129954612,0.05,True,True
FAILED,,,1,2,3.1497581039010054,0.05,True,True
FAILED,,,5000,2,0.001,0.047028309976349,False,True
FAILED,,,1,2,3.0152305011116476,0.05,True,True
FAILED,,,1,2,3.668702169973928,0.05,True,True
FAILED,,,5000,2,1.818030289153944,0.0335433831370858,False,True
FAILED,,,1,2,3.107821238423971,0.05,True,True
FAILED,,,5000,2,0.0779283068915449,0.0343570913860155,False,True
FAILED,,,1,2,2.10115339048901,0.05,False,True
FAILED,,,1,2,3.635983464512584,0.05,True,True
FAILED,,,5000,2,0.001,0.0342961763401562,False,True
FAILED,,,1,2,3.4137070823693287,0.05,True,True
FAILED,,,1,2,3.87201639832974,0.05,True,True
FAILED,,,1,2,0.0513440530442571,0.05,False,True
FAILED,,,1,2,4.305998487274358,0.05,True,True
FAILED,,,5000,2,0.001,0.0290911779116698,True,True
FAILED,,,1,2,3.555371806030049,0.05,True,True
FAILED,,,5000,2,4.958155874067673,0.05,False,True
FAILED,,,1,2,0.001,0.0238230668838009,True,True
FAILED,,,1,2,3.2974622732207783,0.05,True,True
FAILED,,,1,2,3.682659378480881,0.05,True,True
FAILED,,,5000,2,0.001,0.0275038677714416,True,True
FAILED,,,1,2,8.154143984214272,0.05,False,True
FAILED,,,1,2,3.5157407014718385,0.05,True,True
FAILED,,,1,2,3.2056765249986126,0.05,False,True
FAILED,,,1,2,3.6802558748694945,0.05,True,True
FAILED,,,5000,2,0.001,0.0298818124585803,True,True
FAILED,,,5000,2,0.001,0.0360075812372987,False,True
FAILED,,,1,2,9.894198293600375,0.05,True,True
FAILED,,,1,2,3.6317229457625886,0.05,True,True
FAILED,,,1,2,3.4557112346960785,0.05,True,True
FAILED,,,1,2,3.5849974611105875,0.05,True,True
FAILED,,,5000,2,0.001,0.033630660175855,False,True
FAILED,,,1,2,4.258439633986806,0.05,False,True
FAILED,,,5000,2,0.001,0.0338273283743851,False,True
FAILED,,,5000,2,0.001,0.0380999814009196,False,True
FAILED,,,1,2,3.057420433843966,0.05,True,True
FAILED,,,1,2,3.887616258538843,0.05,True,True
FAILED,,,5000,2,0.001,0.0343711951082438,False,True
FAILED,,,1,2,3.769487076823917,0.05,True,True
FAILED,,,5000,2,0.001,0.0340668671865723,False,True
FAILED,,,1,2,2.623555178975048,0.05,False,True
FAILED,,,1,2,3.82043779849342,0.05,True,True
FAILED,,,1,2,2.9506242229735573,0.0262415118354018,True,True
FAILED,,,1,2,2.992520319588072,0.05,True,True
FAILED,,,5000,2,0.001,0.0314394922538413,False,True
FAILED,,,1,2,3.4015114067785914,0.05,True,True
FAILED,,,5000,2,0.001,0.0316237684695033,False,True
FAILED,,,1,2,3.53769040223467,0.05,True,True
FAILED,,,1,2,1.7419546921197413,0.05,False,True
FAILED,,,1,2,3.2442970379276894,0.05,True,True
FAILED,,,1,2,3.293071917856808,0.05,False,True
FAILED,,,1,2,3.112348872243986,0.05,True,True
FAILED,,,5000,2,0.0146351051720411,0.05,False,True
FAILED,,,1,2,3.6103285306419783,0.05,True,True
FAILED,,,1,2,3.8705231553000687,0.05,True,True
FAILED,,,5000,2,0.1930003452892065,0.0354280061076769,False,True
FAILED,,,1,2,3.4793999135174625,0.05,True,True
FAILED,,,5000,2,0.001,0.0275643082060928,True,True
FAILED,,,1,2,3.486535701815874,0.05,True,True
FAILED,,,1,2,1.3336756588003833,0.05,False,True
FAILED,,,1,2,1.5420022501578434,0.05,True,True
FAILED,,,5000,2,0.001,0.0350920455149895,False,True
FAILED,,,1,2,6.598334822218135,0.05,False,True
FAILED,,,1,2,3.209085367721927,0.05,True,True
FAILED,,,5000,2,10,0.0393904593387019,False,True
FAILED,,,1,2,4.0653370701170966,0.05,True,True
FAILED,,,5000,2,0.001,0.0293324048339966,False,True
FAILED,,,1,2,3.132969870794746,0.05,True,True
FAILED,,,5000,2,0.001,0.0279105796477176,True,True
FAILED,,,1,2,2.860829096932574,0.05,True,True
FAILED,,,1,2,3.3519309051305615,0.05,False,True
FAILED,,,5000,2,0.001,0.035826452129995,False,True
FAILED,,,5000,2,10,0.040756476365654,False,True
FAILED,,,1,2,3.9580154448936216,0.05,True,True
FAILED,,,1,2,3.7646768754504634,0.05,True,True
FAILED,,,1,2,0.001,0.0251714701318018,True,True
FAILED,,,1,2,3.437661367086453,0.05,True,True
FAILED,,,5000,2,0.001,0.0340124132061598,False,True
FAILED,,,1,2,3.584068507015028,0.05,True,True
FAILED,,,1,2,4.891977809839592,0.05,False,True
FAILED,,,1,2,3.778420094002144,0.05,True,True
FAILED,,,5000,2,0.001,0.029877092689506,True,True
FAILED,,,1,2,0.001,0.0233281579250734,True,True
FAILED,,,1,2,3.633779900008736,0.05,True,True
FAILED,,,1,2,3.799831071542424,0.05,True,True
FAILED,,,1,2,0.001,0.0233224899351595,True,True
FAILED,,,1,2,3.41533347448286,0.05,True,True
FAILED,,,1,2,2.390440378859342,0.05,False,True
FAILED,,,1,2,3.918279196566532,0.05,True,True
FAILED,,,5000,2,0.001,0.0361522371125288,True,True
FAILED,,,1,2,9.641911499911998,0.05,False,True
FAILED,,,1,2,0.5574173411216887,0.05,False,True
FAILED,,,1,2,3.4484140155733654,0.05,True,True
FAILED,,,5000,2,0.001,0.0307788444293129,False,True
FAILED,,,1,2,3.7250943699036343,0.05,True,True
FAILED,,,1,2,1.6042047774535935,0.05,False,True
FAILED,,,1,2,2.528093033422824,0.05,True,True
FAILED,,,5000,2,0.08920922359618,0.0360478446383108,False,True
FAILED,,,5000,2,0.001,0.0325317425037458,False,True
FAILED,,,1,2,1.5592438813989606,0.05,False,True
FAILED,,,1,2,3.5000615357031304,0.05,True,True
FAILED,,,1,2,3.7584839979425246,0.05,True,True
FAILED,,,1,2,6.359457724802059,0.05,False,True
FAILED,,,1,2,4.0741897194983165,0.05,True,True
FAILED,,,5000,2,0.001,0.0337572391530278,False,True
FAILED,,,1,2,3.4189520425117337,0.05,True,True
FAILED,,,1,2,3.752955843849644,0.05,True,True
FAILED,,,1,2,3.4071073182211453,0.05,True,True
FAILED,,,5000,2,0.001,0.0334326376115607,False,True
FAILED,,,1,2,3.4740406990842687,0.05,True,True
FAILED,,,1,2,3.319676766207896,0.05,True,True
FAILED,,,1,2,3.2436897652048744,0.05,True,True
FAILED,,,5000,2,0.001,0.0329373672175767,False,True
FAILED,,,1,2,3.6461552644872017,0.05,True,True
FAILED,,,1,2,3.320950328522102,0.05,True,True
FAILED,,,5000,2,4.73640324436535,0.05,False,True
FAILED,,,1,2,3.974585836886986,0.05,True,True
FAILED,,,1,2,3.4280345187974617,0.05,True,True
FAILED,,,5000,2,0.001,0.0296545374845068,True,True
FAILED,,,5000,2,5.738064057605476,0.05,False,True
FAILED,,,1,2,2.951895633911955,0.05,True,True
FAILED,,,226,2,0.001,0.0202054985190576,True,True
FAILED,,,1,2,2.754446942203159,0.05,False,True
FAILED,,,1,2,3.826945711380656,0.05,True,True
FAILED,,,5000,2,0.001,0.041167841967825,False,True
FAILED,,,1,2,2.6451951944844048,0.05,False,True
FAILED,,,5000,2,0.001,0.0330526717281324,False,True
FAILED,,,1,2,3.317349320199103,0.05,True,True
FAILED,,,1,2,0.4634510826425248,0.05,False,True
FAILED,,,1,2,3.828822690513898,0.05,True,True
FAILED,,,5000,2,0.001,0.0266467635569544,True,True
FAILED,,,1,2,4.051139556465527,0.05,True,True
FAILED,,,1,2,3.1144258988134528,0.05,False,True
FAILED,,,1,2,3.3797951663738304,0.05,True,True
FAILED,,,5000,2,0.001,0.0335924859104499,False,True
FAILED,,,1,2,3.800794157125544,0.05,True,True
FAILED,,,5000,2,0.0385456639316437,0.0353797371719594,True,True
FAILED,,,1,2,0.001,0.0228478040701645,True,True
FAILED,,,1,2,3.810640681758428,0.05,True,True
FAILED,,,5000,2,2.831276896055324,0.0371686444196156,False,True
FAILED,,,1,2,3.8136213703058273,0.05,True,True
FAILED,,,1,2,4.711807078816617,0.05,False,True
FAILED,,,1,2,3.6471702562042903,0.05,True,True
FAILED,,,5000,2,0.001,0.0356115170212098,False,True
FAILED,,,1,2,3.6169609879550007,0.05,True,True
FAILED,,,5000,2,0.001,0.0281497079823651,False,True
FAILED,,,1,2,3.4749569397940507,0.05,True,True
FAILED,,,5000,2,0.001,0.0316487048219519,True,True
FAILED,,,1,2,3.447920636960537,0.05,True,True
FAILED,,,1,2,3.7542181795191776,0.05,True,True
FAILED,,,5000,2,3.5864683970500564,0.0412499142190261,False,True
FAILED,,,1,2,4.923374395564328,0.05,False,True
FAILED,,,5000,2,0.001,0.0343489681566089,False,True
FAILED,,,1,2,3.272253829182133,0.05,True,True
FAILED,,,1,2,3.819115218469841,0.05,True,True
FAILED,,,5000,2,0.001,0.0333374937317436,False,True
FAILED,,,1,2,9.777863951357874,0.05,False,True
FAILED,,,1,2,3.9677369783144303,0.05,True,True
FAILED,,,5000,2,0.001,0.0280524987463329,True,True
FAILED,,,1,2,1.0603988511112084,0.05,False,True
FAILED,,,1,2,0.7647617181267224,0.05,False,True
FAILED,,,1,2,3.391532734261145,0.05,True,True
FAILED,,,1,2,2.608670592936451,0.05,False,True
FAILED,,,1,2,2.5750568656320745,0.05,True,True
FAILED,,,1,2,3.6642866768972184,0.05,True,True
FAILED,,,5000,2,0.001,0.0344686621085135,False,True
FAILED,,,1,2,2.4187463420936526,0.05,False,True
FAILED,,,1,2,3.414207972327381,0.05,True,True
FAILED,,,1,2,0.001,0.0227074659201931,True,True
FAILED,,,1,2,3.741275445068799,0.05,True,True
FAILED,,,1,2,2.389691989919608,0.05,True,True
FAILED,,,5000,2,0.001,0.0388193617287423,False,True
FAILED,,,1,2,3.0952372818034206,0.05,True,True
FAILED,,,1,2,4.154132749742614,0.05,True,True
FAILED,,,1,2,8.728899061032438,0.05,False,True
FAILED,,,1,2,3.747107865614165,0.05,True,True
FAILED,,,1,2,5.060006793793738,0.05,False,True
FAILED,,,5000,2,0.001,0.0324333061957066,False,True
FAILED,,,1,2,3.53525082437893,0.05,True,True
FAILED,,,1,2,3.8829299806420026,0.05,True,True
FAILED,,,1,2,3.7019434706372327,0.05,False,True
FAILED,,,1,2,3.563909102759819,0.05,True,True
FAILED,,,5000,2,0.7172729487704421,0.0331042770346186,False,True
FAILED,,,1,2,3.808052525159329,0.05,True,True
FAILED,,,1,2,6.215926552311019,0.05,False,True
FAILED,,,1,2,0.001,0.0235346517761489,True,True
FAILED,,,1,2,3.551793172324776,0.05,True,True
FAILED,,,5000,2,0.001,0.0357765440938401,False,True
FAILED,,,1,2,3.7355914650776554,0.05,True,True
FAILED,,,1,2,0.0401843085097551,0.05,False,True
FAILED,,,1,2,3.65011532043664,0.05,True,True
FAILED,,,1,2,2.86249793317214,0.05,True,True
FAILED,,,1,2,9.523123328322148,0.05,False,True
FAILED,,,1,2,2.9327691803804927,0.05,True,True
FAILED,,,5000,2,0.001,0.0382484949901971,False,True
FAILED,,,1,2,3.262053565907844,0.05,True,True
FAILED,,,5000,2,2.4894101647318134,0.0368068155978763,False,True
FAILED,,,1,2,3.594200592031348,0.05,True,True
FAILED,,,1,2,1.169040742739534,0.05,False,True
FAILED,,,5000,2,0.001,0.0375836067960233,False,True
FAILED,,,1,2,3.745543585680776,0.05,True,True
FAILED,,,1,2,3.0088499905043613,0.05,True,True
FAILED,,,5000,2,5.043086097267388,0.0394904423592904,False,True
FAILED,,,1,2,3.5710343482156626,0.05,True,True
FAILED,,,1,2,3.7095023996290024,0.05,True,True
FAILED,,,1,2,3.844292052092429,0.05,True,True
FAILED,,,1,2,3.6672035981233577,0.05,True,True
FAILED,,,1,2,3.85143820216298,0.05,True,True
FAILED,,,5000,2,0.001,0.0360016633328092,True,True
FAILED,,,1,2,2.490604624307681,0.05,False,True
FAILED,,,1,2,3.770479745845016,0.05,True,True
FAILED,,,5000,2,0.001,0.035899303630321,False,True
FAILED,,,1,2,3.6596368011679536,0.05,True,True
FAILED,,,5000,2,2.7042902439278604,0.034526028643231,False,True
FAILED,,,1,2,3.592901075352533,0.05,True,True
FAILED,,,1,2,3.8476290829281754,0.05,True,True
FAILED,,,1,2,3.1328900458885607,0.05,True,True
FAILED,,,1,2,3.2744032713754345,0.05,True,True
FAILED,,,1,2,2.5191276630952566,0.05,False,True
FAILED,,,1,2,3.501424678515433,0.05,True,True
FAILED,,,5000,2,0.001,0.0292355623837644,True,True
FAILED,,,1,2,0.4799961868360147,0.05,False,True
FAILED,,,1,2,3.6836105674199175,0.05,True,True
FAILED,,,5000,2,0.2877113944368189,0.0357845903549933,False,True
FAILED,,,1,2,3.3168567839810645,0.05,True,True
FAILED,,,1,2,4.072706366827063,0.05,True,True
FAILED,,,5000,2,0.001,0.0342716030765506,False,True
FAILED,,,1,2,4.377359534116089,0.05,True,True
FAILED,,,1,2,6.119539858583827,0.05,False,True
FAILED,,,1,2,3.0837769766840535,0.05,True,True
FAILED,,,5000,2,0.001,0.0270949224061505,True,True
FAILED,,,1,2,9.058781779994083,0.05,False,True
FAILED,,,5000,2,0.001,0.028629442287421,False,True
FAILED,,,5000,2,0.001,0.0322021029433591,False,True
FAILED,,,1,2,3.702725034065287,0.05,True,True
FAILED,,,1,2,9.379670473612931,0.05,False,True
FAILED,,,1,2,3.481422822329688,0.05,True,True
FAILED,,,1,2,3.8047840951519936,0.05,True,True
FAILED,,,1,2,5.831944682742898,0.05,False,True
FAILED,,,1,2,3.3265338664323774,0.05,True,True
FAILED,,,5000,2,0.001,0.0330190812304379,False,True
FAILED,,,1,2,3.1622833457124124,0.05,True,True
FAILED,,,1,2,3.5015783830818643,0.05,True,True
FAILED,,,5000,2,1.7122061944132472,0.0346129558458207,False,True
FAILED,,,1,2,2.14572298454978,0.05,False,True
FAILED,,,1,2,3.1149135128797614,0.05,True,True
FAILED,,,5000,2,0.001,0.0327155417697775,True,True
FAILED,,,1,2,4.483665004468959,0.05,False,True
FAILED,,,5000,2,10,0.0394171458370565,False,True
FAILED,,,1,2,0.3158363015995429,0.05,False,True
FAILED,,,1,2,7.7329692386164846,0.05,False,True
FAILED,,,1,2,3.6139306641741897,0.05,True,True
FAILED,,,1,2,3.592579872954986,0.05,True,True
FAILED,,,1,2,3.908581406565737,0.05,True,True
FAILED,,,5000,2,4.007064332487,0.0368634552463256,False,True
FAILED,,,1,2,4.281344897393887,0.05,True,True
FAILED,,,1,2,9.497584198860906,0.05,False,True
FAILED,,,5000,2,3.169060989917272,0.0372733134000005,True,True
FAILED,,,1,2,3.4670432032213827,0.05,True,True
FAILED,,,5000,2,0.001,0.0337734746222459,False,True
FAILED,,,1,2,1.6460193312070035,0.05,True,True
FAILED,,,5000,2,0.0754310396272658,0.0360480446069486,False,True
FAILED,,,1,2,0.001,0.0198854310003781,True,True
FAILED,,,1,2,3.7809404207434976,0.05,False,True
FAILED,,,1,2,3.845748821582315,0.05,True,True
FAILED,,,5000,2,0.001,0.0308820699838729,False,True
FAILED,,,1,2,3.6936159165087705,0.05,True,True
FAILED,,,1,2,3.703465518089252,0.05,True,True
FAILED,,,1,2,3.328080348283159,0.05,True,True
FAILED,,,5000,2,0.001,0.0316815348347673,False,True
FAILED,,,1,2,3.89153600829116,0.05,True,True
FAILED,,,1,2,3.1185124386621674,0.05,False,True
FAILED,,,1,2,3.6464700183017618,0.05,True,True
FAILED,,,4754,2,0.001,0.0315966789116739,True,True
FAILED,,,1,2,4.049884158542391,0.05,True,True
FAILED,,,1,2,0.1804866519136149,0.05,False,True
FAILED,,,5000,2,1.1232105188781631,0.0331411924247447,False,True
FAILED,,,1,2,0.3739142231846962,0.05,False,True
FAILED,,,1,2,4.1066864707355295,0.05,True,True
FAILED,,,5000,2,9.990857559084665,0.0393732350591081,False,True
FAILED,,,1,2,4.4106797515910685,0.05,True,True
FAILED,,,1,2,2.4498987118464015,0.05,False,True
FAILED,,,1,2,3.7220098722687016,0.05,True,True
FAILED,,,1,2,1.7112171908707123,0.0238977685003185,True,True
FAILED,,,1,2,3.563079858360624,0.05,True,True
FAILED,,,1,2,4.127265465456744,0.05,True,True
FAILED,,,1,2,3.2176307345260753,0.05,True,True
FAILED,,,1,2,3.3967366947889897,0.05,True,True
FAILED,,,5000,2,3.2810252653235272,0.0361682550505739,True,True
FAILED,,,1,2,2.5260606541012525,0.05,False,True
FAILED,,,1,2,3.673045847714574,0.05,True,True
FAILED,,,5000,2,0.001,0.0357044540083412,True,True
FAILED,,,1,2,3.354276228781248,0.05,True,True
FAILED,,,1,2,3.790534596499111,0.05,True,True
FAILED,,,1,2,3.880555699080325,0.05,True,True
FAILED,,,1,2,0.001,0.0192916267383354,True,True
FAILED,,,1,2,3.8821043369914903,0.05,True,True
FAILED,,,1,2,3.5931961263828187,0.05,True,True
FAILED,,,1,2,5.094628864177756,0.05,False,True
FAILED,,,1,2,3.6886302794662145,0.05,True,True
FAILED,,,1,2,0.001,0.0233541056146669,True,True
FAILED,,,1,2,4.092173802845263,0.05,True,True
FAILED,,,1,2,3.777787867669524,0.05,True,True
FAILED,,,5000,2,3.5110465647633218,0.03815907248938,False,True
FAILED,,,1,2,2.2842282802125053,0.05,True,True
FAILED,,,1,2,3.463300069313185,0.05,True,True
FAILED,,,5000,2,3.4278013361798783,0.0393842414937318,True,True
FAILED,,,1,2,9.502434240777454,0.05,False,True
FAILED,,,1,2,3.4800910120122968,0.05,True,True
FAILED,,,1,2,3.289470786379433,0.05,True,True
FAILED,,,1,2,3.3787515808545328,0.05,False,True
FAILED,,,5000,2,0.001,0.0350719867836912,False,True
FAILED,,,1,2,4.023882512048044,0.05,True,True
FAILED,,,5000,2,0.001,0.032197515658863,False,True
FAILED,,,1,2,9.912420550321585,0.05,True,True
FAILED,,,5000,2,7.406157997434742,0.040036698882834,False,True
FAILED,,,1,2,3.259824510724943,0.05,True,True
FAILED,,,1,2,3.0319892084822633,0.05,True,True
FAILED,,,5000,2,0.001,0.0366762984625299,False,True
FAILED,,,1,2,7.528823026212914,0.05,False,True
FAILED,,,5000,2,0.001,0.0284761666425787,True,True
FAILED,,,1,2,3.9211344388528353,0.05,True,True
FAILED,,,5000,2,3.490019898596054,0.0388581604874516,True,True
FAILED,,,5000,2,4.296173748770244,0.0393193805205976,False,True
FAILED,,,1,2,2.5894432383720014,0.05,True,True
FAILED,,,1,2,2.7751817132053014,0.05,False,True
FAILED,,,1,2,3.5787427703866075,0.05,True,True
FAILED,,,1,2,6.935695041698213,0.05,False,True
FAILED,,,1,2,3.354875709684421,0.05,True,True
FAILED,,,1,2,4.0301528942960285,0.05,True,True
FAILED,,,1,2,3.628923179482369,0.05,True,True
FAILED,,,1,2,7.933640758680326,0.05,False,True
FAILED,,,5000,2,0.001,0.0315567187360725,False,True
FAILED,,,1,2,3.8167783191480487,0.05,True,True
FAILED,,,5000,2,0.001,0.0335078876608024,False,True
FAILED,,,1,2,3.9444692619726527,0.05,False,True
FAILED,,,1,2,2.617786384263436,0.05,False,True
FAILED,,,1,2,2.4266614963477964,0.05,True,True
FAILED,,,1,2,3.680063382807083,0.05,True,True
FAILED,,,1,2,3.307258820652706,0.05,True,True
FAILED,,,1,2,3.6612809434879847,0.05,True,True
FAILED,,,5000,2,0.001,0.0392114188449013,False,True
FAILED,,,1,2,9.189663534828364,0.05,False,True
FAILED,,,1,2,3.8915598095821182,0.05,True,True
FAILED,,,5000,2,0.001,0.0306410936816355,True,True
FAILED,,,5000,2,0.001,0.030014460218101,False,True
FAILED,,,1,2,2.3672995640986634,0.05,True,True
FAILED,,,5000,2,1.4373938559286898,0.0359200888752995,False,True
FAILED,,,1,2,3.455727481053963,0.05,True,True
FAILED,,,5000,2,0.001,0.0314493236937395,True,True
FAILED,,,1,2,0.001,0.0204028478986839,True,True
FAILED,,,5000,2,10,0.0386349686785714,False,True
FAILED,,,1,2,2.979407489996117,0.05,True,True
FAILED,,,1,2,3.7797652707892726,0.05,True,True
FAILED,,,5000,2,0.001,0.0341617016204242,False,True
FAILED,,,1,2,3.986526125846821,0.05,True,True
FAILED,,,1,2,3.400906553338248,0.05,True,True
FAILED,,,1,2,4.080071367877012,0.05,True,True
FAILED,,,1,2,0.0396858452842708,0.05,False,True
FAILED,,,1,2,3.451006984921998,0.05,True,True
FAILED,,,1,2,3.5435398681934696,0.05,True,True
FAILED,,,1,2,3.904487087589705,0.05,True,True
FAILED,,,1,2,4.99035094499141,0.05,False,True
FAILED,,,1,2,3.684855420004161,0.05,True,True
FAILED,,,5000,2,0.001,0.0329649560175081,False,True
FAILED,,,1,2,9.613843070266345,0.05,False,True
FAILED,,,1,2,3.1205118056439387,0.05,True,True
FAILED,,,5000,2,0.001,0.0299749900712795,False,True
FAILED,,,1,2,2.6706387263487064,0.05,False,True
FAILED,,,1,2,3.92427963225745,0.05,True,True
FAILED,,,5000,2,0.001,0.0359853435793364,False,True
FAILED,,,1,2,4.129943633926742,0.05,True,True
FAILED,,,1,2,0.001,0.0239027382385664,True,True
FAILED,,,1,2,1.3535254933375285,0.05,False,True
FAILED,,,1,2,4.302321240683994,0.05,False,True
FAILED,,,1,2,3.0200094947112177,0.05,True,True
FAILED,,,5000,2,0.001,0.0300811370835911,True,True
FAILED,,,1,2,2.6890937137867463,0.05,True,True
FAILED,,,1,2,3.589703456198521,0.05,True,True
FAILED,,,1,2,4.136555186434957,0.05,True,True
FAILED,,,5000,2,0.001,0.0349138033154311,False,True
FAILED,,,1,2,3.7356475235858704,0.05,True,True
FAILED,,,1,2,3.280354860308708,0.05,True,True
FAILED,,,1,2,3.7601082035863342,0.05,False,True
FAILED,,,1,2,3.931663008802528,0.05,True,True
FAILED,,,5000,2,0.001,0.0288354614903701,False,True
FAILED,,,1,2,0.4619844535141712,0.05,False,True
FAILED,,,5000,2,0.001,0.0309281821986765,True,True
FAILED,,,1,2,4.332352519570756,0.05,True,True
FAILED,,,1,2,5.248559729350005,0.05,False,True
FAILED,,,5000,2,0.001,0.0305630960932197,False,True
FAILED,,,1,2,3.8548287620021218,0.05,True,True
FAILED,,,1,2,5.046004566250301,0.05,False,True
FAILED,,,1,2,3.7417003093082095,0.05,True,True
FAILED,,,1,2,4.089760211046393,0.05,False,True
FAILED,,,1,2,3.3168568372364864,0.05,True,True
FAILED,,,1,2,1.2397286348873793,0.05,False,True
FAILED,,,1,2,3.675900425161768,0.05,True,True
FAILED,,,1,2,3.370989964539671,0.05,True,True
FAILED,,,1,2,3.620117871405844,0.05,True,True
FAILED,,,1,2,3.471280404683568,0.05,True,True
FAILED,,,1,2,3.1713611740733425,0.05,True,True
FAILED,,,1,2,0.0282551043704094,0.05,False,True
FAILED,,,1,2,3.3447307728721114,0.05,True,True
FAILED,,,5000,2,5.640214527328276,0.0365834468522805,False,True
FAILED,,,1,2,3.6560052453466896,0.05,True,True
FAILED,,,1,2,3.721402239518948,0.05,True,True
FAILED,,,1,2,3.6567806853873583,0.05,True,True
FAILED,,,1,2,3.6433448445793934,0.05,True,True
FAILED,,,1,2,6.095752330554141,0.05,False,True
FAILED,,,5000,2,0.001,0.035417890706007,True,True
FAILED,,,1,2,4.2693716528936445,0.05,False,True
FAILED,,,1,2,3.72160215225926,0.05,True,True
FAILED,,,5000,2,0.001,0.0280161423749932,True,True
FAILED,,,5000,2,7.891519656942471,0.0400773095419324,False,True
FAILED,,,1,2,3.1516694082865566,0.05,True,True
FAILED,,,1,2,2.7130557095084518,0.05,False,True
FAILED,,,5000,2,0.001,0.0305755442882089,True,True
FAILED,,,1,2,3.055954922751478,0.05,True,True
FAILED,,,1,2,6.168383968681894,0.05,False,True
FAILED,,,1,2,3.7975804161284255,0.05,True,True
FAILED,,,1,2,3.540715675839148,0.05,True,True
FAILED,,,5000,2,1.56336759281251,0.036899695921686,False,True
FAILED,,,1,2,1.057135825387506,0.05,False,True
FAILED,,,5000,2,0.0022575780807266,0.0379314127704451,False,True
FAILED,,,1,2,4.745764275324532,0.05,False,True
FAILED,,,1,2,3.6778522090586607,0.05,True,True
FAILED,,,5000,2,0.001,0.0367396638121702,False,True
FAILED,,,1,2,4.1300069449289305,0.05,True,True
FAILED,,,1,2,6.2373561958185855,0.05,False,True
FAILED,,,5000,2,0.001,0.0384237955205805,False,True
FAILED,,,1,2,3.350209083189592,0.05,True,True
FAILED,,,1,2,3.059424018789567,0.05,True,True
FAILED,,,5000,2,0.001,0.0349991838403704,False,True
FAILED,,,1,2,7.201100063763706,0.05,True,True
FAILED,,,1,2,1.3238408809202504,0.05,False,True
FAILED,,,1,2,6.558278600300272,0.05,False,True
FAILED,,,5000,2,0.001,0.0338953139250093,False,True
FAILED,,,5000,2,0.001,0.0328905701939624,True,True
FAILED,,,1,2,2.8383816460446183,0.05,True,True
FAILED,,,5000,2,0.001,0.0375334613744795,False,True
FAILED,,,1,2,2.411426693323199,0.05,False,True
FAILED,,,1,2,3.951871355417,0.05,True,True
FAILED,,,1,2,3.8368738643111806,0.05,True,True
FAILED,,,5000,2,0.2947138158667616,0.0360933084850351,False,True
FAILED,,,1,2,3.7290172672977016,0.05,True,True
FAILED,,,5000,2,0.001,0.0322353683754263,False,True
FAILED,,,1,2,3.807255384378309,0.05,True,True
FAILED,,,5000,2,0.001,0.0289298175064737,True,True
FAILED,,,1,2,3.240905132466599,0.05,True,True
FAILED,,,1,2,3.6332704290201745,0.05,True,True
FAILED,,,1,2,4.434556269358121,0.05,False,True
FAILED,,,1,2,3.675105390475135,0.05,True,True
FAILED,,,5000,2,0.001,0.0330152615729106,False,True
FAILED,,,1,2,8.990673102975,0.05,False,True
FAILED,,,1,2,2.808950715077738,0.05,True,True
FAILED,,,5000,2,0.001,0.0327489810029589,False,True
FAILED,,,1,2,3.5861840075349374,0.05,True,True
FAILED,,,1,2,3.634289860688336,0.05,True,True
FAILED,,,5000,2,0.001,0.0309333938031842,False,True
FAILED,,,1,2,4.449855354514692,0.05,False,True
FAILED,,,1,2,3.413209165599267,0.05,True,True
FAILED,,,5000,2,0.001,0.0382378055697267,False,True
FAILED,,,1,2,4.751544253816473,0.05,False,True
FAILED,,,1,2,3.3708259748859675,0.05,True,True
FAILED,,,1,2,3.915632066667536,0.05,True,True
FAILED,,,1,2,4.441446016997207,0.05,False,True
FAILED,,,5000,2,0.0026668328254896,0.0420731292977972,False,True
FAILED,,,1,2,3.033477938189245,0.05,True,True
FAILED,,,1,2,2.8958015608077505,0.05,False,True
FAILED,,,1,2,3.350907867297748,0.05,True,True
FAILED,,,5000,2,0.001,0.0363062342579792,False,True
FAILED,,,1,2,7.966154780811048,0.05,False,True
FAILED,,,1,2,3.3865385927126925,0.05,True,True
FAILED,,,1,2,5.549045970294896,0.05,False,True
FAILED,,,1,2,4.274575414047072,0.05,True,True
FAILED,,,1,2,3.678177979504387,0.05,True,True
FAILED,,,1,2,3.5388426335150345,0.05,True,True
FAILED,,,1,2,3.0376670043899647,0.05,True,True
FAILED,,,1,2,3.2058351259323055,0.05,True,True
FAILED,,,1,2,3.8569900575291345,0.05,True,True
FAILED,,,1,2,4.932421201981008,0.05,False,True
FAILED,,,1,2,3.8896981902134327,0.05,True,True
FAILED,,,5000,2,0.0202238642638041,0.0397402228009467,False,True
FAILED,,,1,2,3.3204798593194367,0.05,True,True
FAILED,,,1,2,3.387713520286783,0.05,False,True
FAILED,,,5000,2,0.001,0.0328945071822685,False,True
FAILED,,,1,2,0.2726473570488897,0.05,False,True
FAILED,,,5000,2,0.001,0.0314664512318372,True,True
FAILED,,,1,2,1.739233311946238,0.05,False,True
FAILED,,,5000,2,0.001,0.0354691172881922,False,True
FAILED,,,1,2,3.572685899467831,0.05,True,True
FAILED,,,1,2,3.655503087406724,0.05,True,True
FAILED,,,1,2,5.22340227661886,0.05,False,True
FAILED,,,5000,2,0.001,0.0345016375802868,False,True
FAILED,,,1,2,3.948480038561348,0.05,True,True
FAILED,,,5000,2,0.001,0.0369143286493061,False,True
FAILED,,,1,2,3.7544739760790056,0.05,True,True
FAILED,,,1,2,3.8536011365513407,0.05,True,True
FAILED,,,1,2,3.852391108619848,0.05,True,True
FAILED,,,5000,2,0.001,0.0288955181000421,True,True
FAILED,,,1,2,2.977092959363104,0.05,False,True
FAILED,,,5000,2,0.001,0.034884937955366,False,True
FAILED,,,1,2,2.731539958554483,0.05,False,True
FAILED,,,1,2,3.4864220004431745,0.05,True,True
FAILED,,,5000,2,3.311509069743366,0.0374112998295544,True,True
FAILED,,,5000,2,0.001,0.0317337134102901,True,True
FAILED,,,1,2,0.6723142553008327,0.05,False,True
FAILED,,,1,2,3.7217172932755433,0.05,True,True
FAILED,,,1,2,2.992340402009481,0.05,True,True
FAILED,,,1,2,3.719303227244729,0.05,True,True
FAILED,,,1,2,2.534459684176367,0.05,False,True
FAILED,,,1,2,3.951069718133703,0.05,True,True
FAILED,,,5000,2,0.001,0.0425119775557994,False,True
FAILED,,,1,2,8.601346197727075,0.05,False,True
FAILED,,,1,2,3.8563580860788873,0.05,True,True
FAILED,,,1,2,3.7195180551607394,0.05,True,True
FAILED,,,1,2,0.001,0.0250413075610116,True,True
FAILED,,,1,2,3.816684775160746,0.05,True,True
FAILED,,,1,2,2.3784691403786207,0.05,False,True
FAILED,,,1,2,2.755176417220191,0.05,True,True
FAILED,,,5000,2,0.001,0.0341940018252483,False,True
FAILED,,,1,2,4.227141875533328,0.05,False,True
FAILED,,,1,2,3.6557534606789255,0.05,True,True
FAILED,,,1,2,3.5682125620740424,0.05,False,True
FAILED,,,1,2,3.5424218948024575,0.05,True,True
FAILED,,,1,2,3.764904869218124,0.05,True,True
FAILED,,,5000,2,0.0275233895884282,0.0373621645750218,False,True
FAILED,,,1,2,3.9263534889510088,0.05,False,True
FAILED,,,1,2,3.834508048335512,0.05,True,True
FAILED,,,5000,2,0.001,0.0300802364473122,False,True
FAILED,,,1,2,4.290894638345185,0.05,False,True
FAILED,,,5000,2,0.001,0.0360166033706355,False,True
FAILED,,,1,2,4.069702836127063,0.05,True,True
FAILED,,,1,2,9.815634763874169,0.05,False,True
FAILED,,,566,2,3.639854541245781,0.05,True,True
FAILED,,,5000,2,0.001,0.0259158022957281,True,True
FAILED,,,1,2,3.025997232685742,0.05,True,True
FAILED,,,5000,2,5.1544742992162815,0.05,False,True
FAILED,,,1,2,3.6909983424205457,0.05,True,True
FAILED,,,1,2,4.308812780220308,0.05,True,True
FAILED,,,1,2,3.584674756907441,0.05,True,True
FAILED,,,1,2,0.001,0.0249310185884718,True,True
FAILED,,,1,2,0.0057643141268884,0.05,False,True
FAILED,,,1,2,3.8744282113066393,0.05,True,True
FAILED,,,5000,2,0.001,0.0295579194147541,True,True
FAILED,,,5000,2,0.001,0.0350087508383313,False,True
FAILED,,,1,2,3.564446767729234,0.05,True,True
FAILED,,,1,2,3.6358461141670366,0.05,True,True
FAILED,,,1,2,4.941156249988019,0.05,False,True
FAILED,,,1,2,3.786596507146584,0.05,True,True
FAILED,,,1,2,6.694882658560156,0.05,True,True
FAILED,,,5000,2,0.001,0.0369609079365523,False,True
FAILED,,,1,2,3.866785838077852,0.05,True,True
FAILED,,,5000,2,3.486020714053584,0.0383344131866538,False,True
FAILED,,,1,2,4.259706782166786,0.05,True,True
FAILED,,,1,2,3.338452427867,0.05,True,True
FAILED,,,1,2,4.142656253024981,0.05,True,True
FAILED,,,1,2,4.712442258286881,0.05,False,True
FAILED,,,5000,2,0.001,0.0335835918011409,True,True
FAILED,,,1,2,3.1234580638849807,0.05,True,True
FAILED,,,1,2,4.123877557936669,0.05,True,True
FAILED,,,5000,2,3.862692086076652,0.0395681021829806,False,True
FAILED,,,1,2,2.1584042425044445,0.05,True,True
FAILED,,,1,2,3.71665702210982,0.05,True,True
FAILED,,,5000,2,0.001,0.031773676155267,False,True
FAILED,,,1,2,7.631833969892443,0.05,False,True
FAILED,,,1,2,4.214451428389274,0.05,True,True
FAILED,,,5000,2,0.001,0.0331639092460614,False,True
FAILED,,,1,2,2.752269766645364,0.05,False,True
FAILED,,,1,2,3.9387572444300463,0.05,True,True
FAILED,,,1,2,3.809619881531336,0.05,True,True
FAILED,,,5000,2,0.001,0.0367980353365754,False,True
FAILED,,,1,2,2.666749135445434,0.05,False,True
FAILED,,,1,2,3.6164325299839426,0.05,True,True
FAILED,,,1,2,3.867661714163297,0.05,True,True
FAILED,,,1,2,0.0621211045043854,0.05,False,True
FAILED,,,1,2,2.338447081585317,0.05,True,True
FAILED,,,1,2,1.111804740920632,0.05,False,True
FAILED,,,1,2,3.7897358754547503,0.05,True,True
FAILED,,,1,2,3.8198200061203407,0.05,True,True
FAILED,,,1,2,6.124885562817718,0.05,False,True
FAILED,,,1,2,4.16183801878982,0.05,True,True
FAILED,,,5000,2,0.196223521476253,0.0286887408537718,True,True
FAILED,,,1,2,3.0275325589895603,0.05,False,True
FAILED,,,1,2,2.6861954740958134,0.05,True,True
FAILED,,,5000,2,0.001,0.0369518551753182,False,True
FAILED,,,1,2,3.465320756985685,0.05,False,True
FAILED,,,1,2,3.5459377011177127,0.05,True,True
FAILED,,,1,2,2.5609396233980943,0.05,False,True
FAILED,,,1,2,3.965570837823997,0.05,True,True
FAILED,,,5000,2,0.001,0.0316548568959226,True,True
FAILED,,,1,2,7.446827482463002,0.05,False,True
FAILED,,,1,2,3.0964176821352187,0.05,True,True
FAILED,,,1,2,0.001,0.0248013251326104,True,True
FAILED,,,1,2,3.741426106479579,0.05,True,True
FAILED,,,1,2,3.313624574062692,0.05,True,True
FAILED,,,1,2,0.001,0.0239774158210537,True,True
FAILED,,,1,2,2.4322443423774582,0.05,False,True
FAILED,,,1,2,4.155077353400936,0.05,True,True
FAILED,,,1,2,7.030484920549954,0.05,False,True
FAILED,,,1,2,2.5912098300074704,0.05,True,True
FAILED,,,5000,2,3.484109091339815,0.0383840428161299,False,True
FAILED,,,1,2,3.6627439083312265,0.05,True,True
FAILED,,,1,2,3.5598505486771845,0.05,True,True
FAILED,,,1,2,3.621839974379761,0.05,True,True
FAILED,,,5000,2,0.001,0.0337009573570581,False,True
FAILED,,,1,2,3.4520976919849806,0.05,True,True
FAILED,,,5000,2,0.001,0.0366012281326567,False,True
FAILED,,,1,2,8.632683821853057,0.05,False,True
FAILED,,,1,2,1.961231893721888,0.05,True,True
FAILED,,,1,2,0.5046446673868757,0.05,False,True
FAILED,,,1,2,3.379908479504142,0.05,True,True
FAILED,,,5000,2,0.001,0.0265351109503175,True,True
FAILED,,,1,2,0.7272878443311125,0.05,False,True
FAILED,,,1,2,3.6502650602900726,0.05,True,True
FAILED,,,5000,2,0.001,0.0341914588383566,False,True
FAILED,,,1,2,4.278867132836106,0.05,False,True
FAILED,,,1,2,3.3046269665554195,0.05,True,True
FAILED,,,5000,2,0.001,0.0355767548859745,False,True
FAILED,,,1,2,5.650756740213622,0.05,False,True
FAILED,,,5000,2,3.715418911553837,0.0372710429577759,False,True
FAILED,,,1,2,4.043842961030193,0.05,True,True
FAILED,,,1,2,3.665061822528232,0.05,True,True
FAILED,,,1,2,3.9024235055449674,0.05,True,True
FAILED,,,1,2,3.5048846996760887,0.05,True,True
FAILED,,,5000,2,0.001,0.0334201918161866,False,True
FAILED,,,1,2,5.5626168037878845,0.05,False,True
FAILED,,,1,2,3.025689304591257,0.05,True,True
FAILED,,,5000,2,0.001,0.0380869087084582,False,True
FAILED,,,1,2,3.4817151773592414,0.05,True,True
FAILED,,,5000,2,0.001,0.0358123404068033,False,True
FAILED,,,1,2,4.018138830363684,0.05,True,True
FAILED,,,1,2,3.434591284459571,0.05,True,True
FAILED,,,5000,2,0.001,0.0333355260169601,False,True
FAILED,,,1,2,3.288121822947883,0.05,True,True
FAILED,,,1,2,3.695135259041733,0.05,True,True
FAILED,,,1,2,3.4845941576781825,0.05,True,True
FAILED,,,1,2,0.001,0.02082351047344,True,True
FAILED,,,1,2,1.5265756795048686,0.05,False,True
FAILED,,,1,2,3.359709543302438,0.05,True,True
FAILED,,,5000,2,0.0066934713943864,0.0330361205927128,False,True
FAILED,,,1,2,3.2749123063365353,0.05,True,True
FAILED,,,1,2,3.5754771620706447,0.05,True,True
FAILED,,,1,2,3.871753372388604,0.05,True,True
FAILED,,,5000,2,0.0675190681243916,0.0351989894379815,False,True
FAILED,,,1,2,3.337767359051585,0.05,True,True
FAILED,,,1,2,7.741653284703558,0.05,False,True
FAILED,,,1,2,3.2382708399368108,0.05,True,True
FAILED,,,1,2,4.498992274866393,0.05,False,True
FAILED,,,1,2,3.809733827052799,0.05,True,True
FAILED,,,1,2,3.855936601386344,0.05,True,True
FAILED,,,5000,2,2.8115833833737263,0.0356355708974377,False,True
FAILED,,,1,2,2.7475605746575127,0.05,False,True
FAILED,,,1,2,3.189801571484183,0.05,True,True
FAILED,,,1,2,4.0682835124317105,0.05,True,True
FAILED,,,1,2,3.076725277314947,0.05,True,True
FAILED,,,1,2,0.001,0.023354819560634,True,True
FAILED,,,1,2,3.9502253612484526,0.05,True,True
FAILED,,,5000,2,2.7117342880081448,0.0377439219518013,False,True
FAILED,,,1,2,3.461109219327619,0.05,True,True
FAILED,,,1,2,3.373652640321645,0.05,True,True
FAILED,,,5000,2,3.5209648422349566,0.0375725856524956,True,True
FAILED,,,5000,2,4.85257389450201,0.0459455231992647,False,True
FAILED,,,1,2,3.6871857439545233,0.05,True,True
FAILED,,,1,2,3.757829663356752,0.05,False,True
FAILED,,,1,2,3.0855728211966524,0.05,True,True
FAILED,,,1,2,0.001,0.0241335741673614,True,True
FAILED,,,1,2,3.0323814626940018,0.05,True,True
FAILED,,,1,2,3.395422183354808,0.05,True,True
FAILED,,,5000,2,0.001,0.0248776923247742,True,True
FAILED,,,1,2,3.766934108148813,0.05,False,True
FAILED,,,1,2,3.5422370134836982,0.05,True,True
FAILED,,,1,2,0.001,0.0230888140611619,True,True
FAILED,,,1,2,3.4087888251699896,0.05,False,True
FAILED,,,1,2,3.800446826542259,0.05,True,True
FAILED,,,1,2,9.372536879532642,0.05,False,True
FAILED,,,1,2,2.837934518490726,0.05,True,True
FAILED,,,5000,2,0.001,0.0405255144735304,False,True
FAILED,,,1,2,3.665435291502984,0.05,True,True
FAILED,,,1,2,0.001,0.0234096298317367,True,True
FAILED,,,1,2,3.5076070986283208,0.05,True,True
FAILED,,,1,2,3.793476791932053,0.05,True,True
FAILED,,,1,2,4.62340919676297,0.05,False,True
FAILED,,,1,2,3.117803200189267,0.05,True,True
FAILED,,,1,2,4.23065451115558,0.05,False,True
ABANDONED,,,1,2,3.094008855019934,0.05,True,True
COMPLETED,0.75,3271.0,3983,3484,6.850198210418225,0.0096649034842848,True,True
COMPLETED,0.7299999999999999,1.0,2160,197,3.6528126264121386,0.0336194305601529,False,False
COMPLETED,0.7299999999999999,1.0,1023,3926,7.93136255859211,0.0241358369877561,False,False
COMPLETED,0.7399999999999999,2234.0,2836,2201,2.23406387906149,0.0496267682183533,True,True
COMPLETED,0.7399999999999999,3246.0,3601,4382,4.469920729403385,0.0396736764214001,True,True
COMPLETED,0.7299999999999999,1.0,571,1721,5.012705614988692,0.0157190344170667,False,False
COMPLETED,0.7299999999999999,1.0,1405,3026,0.868914901140146,0.0313901511318981,False,False
COMPLETED,0.7399999999999999,829.0,4426,679,8.910786486330442,0.0058992881299927,True,True
COMPLETED,0.7399999999999999,3491.0,4919,4304,0.5895395870758221,0.0173526458330452,False,True
COMPLETED,0.7299999999999999,31.0,1849,1955,9.89090897583496,0.0413026267113164,True,False
COMPLETED,0.7299999999999999,18.0,87,3261,4.190575214681216,0.0009721938571892,True,False
COMPLETED,0.75,454.0,3147,601,5.99253130304534,0.0264797096387483,False,True
COMPLETED,0.7399999999999999,2007.0,2665,2779,8.208247988622636,0.0350792854418978,False,True
COMPLETED,0.7299999999999999,44.0,882,1058,1.2517781063131987,0.0111292311716824,True,False
COMPLETED,0.7299999999999999,17.0,2341,4784,7.127151378078387,0.0452721401457674,True,False
COMPLETED,0.7399999999999999,1388.0,4114,1500,2.670268195373937,0.0197647457006387,False,True
COMPLETED,0.7299999999999999,18.0,4241,4970,9.674925141165032,0.0286017502979375,True,False
COMPLETED,0.7399999999999999,1572.0,2430,1372,0.2171843004319816,0.0046516897580586,False,True
COMPLETED,0.7399999999999999,2127.0,755,2595,5.781612127318979,0.0384078979613259,False,True
COMPLETED,0.7299999999999999,39.0,2576,1184,3.8229579861909153,0.0129004736430943,True,False
COMPLETED,0.7299999999999999,25.0,3333,3368,1.6653328086966648,0.0230567675414495,True,False
COMPLETED,0.7399999999999999,514.0,310,397,8.466031993770038,0.0470067067448981,False,True
COMPLETED,0.7399999999999999,3089.0,1663,4196,3.079084765105508,0.0070630224216729,False,True
COMPLETED,0.7299999999999999,26.0,4696,2161,7.379870649783872,0.0325705201318487,True,False
COMPLETED,0.7299999999999999,1.0,4555,2823,3.4344114504819734,0.0455711279083043,False,False
COMPLETED,0.7399999999999999,755.0,1491,785,6.475415841854177,0.0216165032377466,True,True
COMPLETED,0.75,3138.0,442,4588,2.020689293415286,0.0369008721592836,True,True
COMPLETED,0.7299999999999999,1.0,3515,1613,7.561280384392479,0.0114100500945933,False,False
COMPLETED,0.7299999999999999,1.0,3020,3798,5.423795259915293,0.0029939909400418,False,False
COMPLETED,0.75,2331.0,1249,2388,4.725249212883414,0.0269485473819077,True,True
COMPLETED,0.75,3002.0,1976,3610,9.31717621626146,0.017851655317936,True,True
COMPLETED,0.7299999999999999,2.0,3757,13,1.11921686883457,0.0433425920805893,False,False
COMPLETED,0.7299999999999999,24.0,3895,4008,4.276567409146578,0.0315499065853655,True,False
COMPLETED,0.7399999999999999,2320.0,1917,2295,6.22392521565035,0.007601371970959,False,True
COMPLETED,0.75,2629.0,1111,3586,0.3582980794813483,0.0480284545472823,False,True
COMPLETED,0.7299999999999999,132.0,3079,310,9.80476404111646,0.0225195526168681,True,False
COMPLETED,0.7299999999999999,22.0,3533,3111,6.886030252459459,0.0139214618941769,True,False
COMPLETED,0.7399999999999999,1109.0,345,771,2.594078084769659,0.037869929017499,False,True
COMPLETED,0.75,3237.0,1473,4485,8.284590541486628,0.0036303225611336,False,True
COMPLETED,0.7299999999999999,29.0,4651,1833,1.492746528928168,0.0291393399271182,True,False
COMPLETED,0.7299999999999999,1.0,4831,3187,8.017355479416437,0.0424296118770726,False,False
COMPLETED,0.75,408.0,1606,538,2.4654585180254647,0.01847346201865,True,True
COMPLETED,0.7299999999999999,3306.0,175,4249,6.618956106836908,0.0278603933295235,True,True
COMPLETED,0.7299999999999999,1.0,3391,1913,3.5666673005772758,0.0023710496146231,False,False
COMPLETED,0.7299999999999999,1.0,2596,4711,0.6277944646310061,0.0123226555935107,False,False
COMPLETED,0.7399999999999999,1286.0,656,1435,8.83459706483595,0.0362786848531104,True,True
COMPLETED,0.7399999999999999,2024.0,2409,2727,4.546262853901833,0.0207042766846716,True,True
COMPLETED,0.7299999999999999,1.0,4340,1013,5.2536736092381195,0.0461936945291236,False,False
COMPLETED,0.75,1940.0,4172,2521,2.0908146046549083,0.0064251734036952,True,True
COMPLETED,0.7299999999999999,1.0,2206,1122,7.7987778727561246,0.03038124360051,False,False
COMPLETED,0.7299999999999999,1.0,824,4915,3.1970666651222857,0.0151935251387767,False,False
COMPLETED,0.7399999999999999,1233.0,2800,1329,6.405138088354842,0.0406829603170044,True,True
COMPLETED,0.7399999999999999,3111.0,3246,4123,9.089482152729294,0.0491005082400515,True,True
COMPLETED,0.7299999999999999,1.0,65,2097,1.0393656855514273,0.025144363913685,False,False
COMPLETED,0.7299999999999999,1.0,1750,3316,5.503799183451571,0.0341445592329837,False,False
COMPLETED,0.7399999999999999,1234.0,4940,351,4.9527908714050435,0.0086552446535788,True,True
COMPLETED,0.75,3653.0,4486,4669,5.85173682394717,0.0203990166769363,False,True
COMPLETED,0.7299999999999999,30.0,1267,1707,4.060454859943129,0.0443474539271555,True,False
COMPLETED,0.7299999999999999,23.0,510,2924,9.437580709672531,0.0104945841999724,True,False
COMPLETED,0.75,683.0,3738,899,0.1469069007998332,0.0360035952962934,False,True
COMPLETED,0.7399999999999999,2697.0,2932,3694,2.8513900497127325,0.0258458133670501,False,True
COMPLETED,0.7299999999999999,394.0,1004,104,7.30001881464012,0.0018972606812603,True,False
COMPLETED,0.7299999999999999,23.0,2064,3902,1.7453370488509536,0.0419376542884856,True,False
COMPLETED,0.75,2337.0,4002,2499,8.69357396890968,0.0164287106832489,False,True
COMPLETED,0.7399999999999999,4068.0,4040,4527,1.352585844588466,0.0440652351635508,False,True
COMPLETED,0.7299999999999999,27.0,2103,1874,8.154356614005751,0.0201045562108047,True,False
COMPLETED,0.7299999999999999,22.0,965,3069,2.7656685822708527,0.0353224813584238,True,False
COMPLETED,0.7399999999999999,2258.0,2894,729,7.067833580504172,0.0098255814081057,False,True
ABANDONED,,,3700,3549,9.987139516530556,0.0014088009656406,False,True
COMPLETED,0.7299999999999999,4.0,472,274,0.5304607243519277,0.0253693644828163,True,False
COMPLETED,0.7299999999999999,15.0,1306,4045,6.0931191408000895,0.0163389632152393,True,False
COMPLETED,0.75,1860.0,4524,2332,4.135834577437491,0.0418359306566417,False,True
COMPLETED,0.7399999999999999,2319.0,4979,2690,5.110461621258408,0.0300864943610504,True,True
COMPLETED,0.7299999999999999,1.0,1789,977,4.412977622780949,0.0061424881033599,False,False
COMPLETED,0.7299999999999999,1.0,27,4748,9.004356839751825,0.0400134799242951,False,False
COMPLETED,0.7399999999999999,1757.0,3207,1472,0.8077670700903982,0.0145121334916912,True,True
COMPLETED,0.7399999999999999,3264.0,2761,4291,3.7459914723513648,0.02466914867796,True,True
COMPLETED,0.7299999999999999,1.0,785,1954,6.78806744806748,0.0486130808060988,False,False
COMPLETED,0.7299999999999999,1.0,2245,3146,2.332821720589884,0.008554565842729,False,False
COMPLETED,0.7399999999999999,459.0,4211,497,7.874791925122031,0.0340560328741557,True,True
COMPLETED,0.7299999999999999,1.0,4301,3352,4.782726100222209,0.0189650609917007,False,False
COMPLETED,0.7399999999999999,371.0,2370,388,5.324131872252561,0.0429089639843441,True,True
COMPLETED,0.7399999999999999,3191.0,695,4087,1.1822726772641763,0.0024637475125491,True,True
COMPLETED,0.7299999999999999,1.0,2636,2060,9.22307267811056,0.0279652090119197,False,False
COMPLETED,0.7299999999999999,1.0,3430,4874,6.538080180050806,0.0365640428741462,False,False
COMPLETED,0.75,1104.0,214,1287,3.339325223149732,0.01262001928268,True,True
COMPLETED,0.7399999999999999,2481.0,1566,2562,7.619758995242417,0.0468777588969096,True,True
COMPLETED,0.7299999999999999,1.0,4792,1163,1.921398267157376,0.0213763715270906,False,False
COMPLETED,0.7299999999999999,21.0,4612,3860,8.521678177148102,0.0080796792572364,True,False
COMPLETED,0.75,2038.0,1434,2457,1.5638387170732022,0.0320402844492346,False,True
COMPLETED,0.7399999999999999,2860.0,384,3736,7.43987420471944,0.0226231346507556,False,True
COMPLETED,0.7299999999999999,284.0,3572,146,2.9819289734605694,0.0481201201635412,True,False
COMPLETED,0.7399999999999999,11.0,3119,2961,0.2780179719170555,0.038167770307511,True,False
COMPLETED,0.75,731.0,1150,936,9.578008247121236,0.0142070976244285,False,True
COMPLETED,0.75,3386.0,1878,4633,3.878384380795993,0.0298117235428653,False,True
COMPLETED,0.7299999999999999,30.0,3856,1670,5.679268884816207,0.0043148534656502,True,False
COMPLETED,0.7299999999999999,1.0,3796,2985,8.778035110424273,0.0219143389957025,False,False
COMPLETED,0.75,465.0,2016,637,0.7265419136388228,0.045856769170612,True,True
COMPLETED,0.75,3609.0,1210,4423,5.191533776712604,0.0120824281782843,True,True
COMPLETED,0.7299999999999999,1.0,2980,1763,4.639451496374794,0.0375854085958562,False,False
COMPLETED,0.7299999999999999,1.0,3475,3963,2.4043193660341204,0.0274268609378486,False,False
COMPLETED,0.75,1904.0,402,2238,8.11091544031724,0.0034843625342473,True,True
COMPLETED,0.75,2771.0,1531,3448,3.5097149189095944,0.0434461803841404,True,True
COMPLETED,0.7299999999999999,1.0,4594,160,6.7167219096403565,0.0179433146645315,False,False
COMPLETED,0.7299999999999999,16.0,4735,4820,2.5393478400465095,0.0049370422470383,True,False
COMPLETED,0.7399999999999999,1467.0,1702,1537,6.986609411155806,0.0288991195191629,False,True
COMPLETED,0.7399999999999999,2652.0,271,2743,1.43365786967054,0.0135845324788242,False,True
COMPLETED,0.7299999999999999,54.0,3294,1021,8.380830357227476,0.039079998335801,True,False
COMPLETED,0.7299999999999999,24.0,2537,3220,6.164617810596712,0.0474983119876123,True,False
COMPLETED,0.7399999999999999,439.0,716,559,4.3719591169850895,0.0235361133790574,False,True
COMPLETED,0.7399999999999999,3524.0,2469,4345,9.750862869965843,0.0326632242994382,False,True
COMPLETED,0.7299999999999999,13.0,4280,1997,0.4591150928018614,0.0071678318344056,True,False
COMPLETED,0.7399999999999999,3709.0,4076,4158,7.197685890159571,0.0408274052059277,False,True
COMPLETED,0.7299999999999999,27.0,2303,2125,2.906807690761052,0.0168652246687561,True,False
COMPLETED,0.7299999999999999,19.0,920,3404,8.596647352830507,0.0263790245582349,True,False
ABANDONED,,,2703,433,1.8061800698796289,0.0008836737680248,False,True
COMPLETED,0.7399999999999999,3213.0,3186,2637,3.963309386320412,0.0108344874642789,False,True
COMPLETED,0.7299999999999999,48.0,125,1225,5.911731625325977,0.0347965946095064,True,False
COMPLETED,0.7299999999999999,20.0,1810,4929,0.0454030871409922,0.0190952708399854,True,False
COMPLETED,0.75,1444.0,4881,1330,9.493236242594195,0.0445907429666258,False,True
COMPLETED,0.7399999999999999,2882.0,4387,3652,0.9400834128502756,0.0331309645748697,True,True
COMPLETED,0.7299999999999999,1.0,1366,54,9.147950445557012,0.0091884606392122,False,False
COMPLETED,0.7299999999999999,1.0,609,3757,4.8576952945292,0.0495370144806802,False,False
COMPLETED,0.75,2097.0,3640,2346,5.5664732436835775,0.0240341196255758,True,True
COMPLETED,0.7399999999999999,3705.0,2875,4551,7.704683088161983,0.015436821185518,True,True
COMPLETED,0.7299999999999999,1.0,1061,1576,2.1538600950622926,0.0393792104232124,False,False
COMPLETED,0.7299999999999999,1.0,2121,2860,6.305465351148508,0.0052181797241792,False,False
COMPLETED,0.75,702.0,3944,822,3.2545532744964585,0.0307211428079754,True,True
COMPLETED,0.7299999999999999,1.0,3925,4229,7.595481070759707,0.0012195824729278,False,False
COMPLETED,0.75,1850.0,2140,1879,1.8888802285818385,0.0267164732031524,True,True
COMPLETED,0.7399999999999999,2598.0,1081,3182,6.490038397674449,0.0172993237734772,True,True
COMPLETED,0.7299999999999999,1.0,2856,519,3.283045710627921,0.0412600230104289,False,False
COMPLETED,0.7299999999999999,1.0,3659,2704,1.2217700942642986,0.0450248491708189,False,False
COMPLETED,0.7399999999999999,783.0,591,982,9.273248987365514,0.0195278843110427,True,True
COMPLETED,0.75,3734.0,1347,4704,4.808224307766185,0.0351325105982832,True,True
COMPLETED,0.7299999999999999,1.0,4405,1419,5.36031135599874,0.0111719319601543,False,False
COMPLETED,0.7299999999999999,20.0,4859,3564,3.8376294129323214,0.0244686212795786,True,False
COMPLETED,0.75,125.0,1831,278,5.630273802859709,0.0499699879963882,False,True
COMPLETED,0.7399999999999999,3472.0,147,4001,0.2513361158780753,0.0095247718933969,False,True
COMPLETED,0.7299999999999999,32.0,3165,2277,9.543088660936803,0.0334687689309939,True,False
COMPLETED,0.7299999999999999,19.0,2725,4462,7.462894615587779,0.0310574587644077,True,False
COMPLETED,0.7399999999999999,2023.0,900,1802,3.0156282765837386,0.0055559766120277,False,True
COMPLETED,0.75,2836.0,2281,3102,8.568536348278634,0.0398137165950611,False,True
COMPLETED,0.7299999999999999,55.0,4097,756,1.6213781644059344,0.0158697870485484,True,False
COMPLETED,0.7399999999999999,2870.0,4259,2898,6.036496637850068,0.0371482589310035,False,True
COMPLETED,0.7299999999999999,51.0,2490,862,4.088060095160269,0.011646818453446,True,False
COMPLETED,0.7299999999999999,17.0,738,4668,9.954354773842729,0.0455178099055774,True,False
COMPLETED,0.75,1777.0,2516,1694,0.5065263862842693,0.021573898430448,False,True
COMPLETED,0.7399999999999999,3578.0,3316,3873,2.8021153661161655,0.0176043595485389,False,True
COMPLETED,0.7299999999999999,25.0,250,2464,7.09298879761994,0.043105732535012,True,False
COMPLETED,0.7299999999999999,21.0,1680,3690,1.40310574025847,0.0030472172028385,True,False
COMPLETED,0.75,76.0,4756,94,8.193587326893583,0.0269912441135384,False,True
COMPLETED,0.75,3749.0,4575,4891,2.2975585479903966,0.0387406833595596,True,True
COMPLETED,0.7299999999999999,1.0,1549,1290,7.848376773195342,0.013243689364288,False,False
COMPLETED,0.7299999999999999,1.0,421,2520,3.696729090295732,0.0284616141431033,False,False
COMPLETED,0.7399999999999999,1176.0,3457,1108,6.747655470632018,0.0045010299729183,True,True
COMPLETED,0.7399999999999999,3150.0,2999,3288,9.06216299119685,0.0067303341110236,True,True
COMPLETED,0.7299999999999999,1.0,1191,316,0.8542816548058763,0.0322272075074724,False,False
COMPLETED,0.7299999999999999,1.0,1997,4120,5.1445039148097855,0.0231968058710917,False,False
COMPLETED,0.7399999999999999,1892.0,3815,2085,4.4357307335501535,0.0471574641708284,True,True
COMPLETED,0.7399999999999999,2678.0,3838,3264,0.0150978732155635,0.0276258955108933,False,True
COMPLETED,0.7299999999999999,70.0,1896,613,9.471781433288939,0.0021229058732278,True,False
COMPLETED,0.7299999999999999,15.0,1168,4330,3.9090890828398983,0.0424714600834995,True,False
COMPLETED,0.75,2051.0,3101,1993,5.866359342518264,0.0185290501927956,False,True
COMPLETED,0.75,4054.0,3590,4788,8.64964677726291,0.0209388723284937,False,True
COMPLETED,0.7299999999999999,36.0,366,1511,1.84789031152986,0.0464417406297288,True,False
COMPLETED,0.7299999999999999,22.0,1416,2808,7.23653487347439,0.0122807102994993,True,False
COMPLETED,0.7399999999999999,1137.0,4630,1093,2.934365107346326,0.0362231935821473,False,True
COMPLETED,0.7399999999999999,3208.0,4772,3927,6.253799726646394,0.0476829690234735,True,True
COMPLETED,0.7299999999999999,1.0,1587,2215,3.2117380546145142,0.0221875234507024,False,False
COMPLETED,0.7299999999999999,1.0,234,3510,7.66694142977707,0.0317013237089849,False,False
COMPLETED,0.75,103.0,3409,235,2.12496645735018,0.0077392372167669,True,True
COMPLETED,0.7399999999999999,2341.0,2656,3030,4.889334345634096,0.0039758998248726,True,True
COMPLETED,0.7299999999999999,1.0,675,691,5.5868231120063,0.0294712771689519,False,False
COMPLETED,0.7299999999999999,1.0,2350,4409,0.9954110785098746,0.0137699537682347,False,False
COMPLETED,0.75,1693.0,4321,1758,9.191986544487067,0.0377321549584157,True,True
COMPLETED,0.7299999999999999,1.0,4191,4593,3.464152218305506,0.0102600815868936,False,False
COMPLETED,0.7399999999999999,1473.0,2265,1632,6.662921478890815,0.0357554533989168,True,True
COMPLETED,0.7399999999999999,2617.0,805,2843,2.382445279984735,0.0204408659897744,True,True
COMPLETED,0.7299999999999999,1.0,2741,819,8.080801240175031,0.0444030380444601,False,False
COMPLETED,0.7299999999999999,1.0,3227,3618,5.219511066028849,0.042172248088289,False,False
COMPLETED,0.75,76.0,6,29,4.67811006189324,0.0166767615783028,True,True
COMPLETED,0.7399999999999999,2824.0,1769,3821,8.819936365857718,0.0258038721298798,True,True
COMPLETED,0.7299999999999999,1.0,5000,2419,0.7791220613270998,0.001841768303886,False,False
COMPLETED,0.7299999999999999,26.0,4507,2602,9.721778218470511,0.0148480436718091,True,False
COMPLETED,0.7399999999999999,1228.0,1324,1201,0.421792711161077,0.0403509300444275,False,True
COMPLETED,0.75,3870.0,489,4992,6.121382717983798,0.0065765886832959,False,True
COMPLETED,0.7299999999999999,36.0,3682,1404,4.320483910279349,0.0305191136407665,True,False
COMPLETED,0.7299999999999999,16.0,2911,4204,1.4781132453447208,0.0344901376031339,True,False
COMPLETED,0.7399999999999999,2321.0,947,2177,8.435967009103857,0.0089871778385713,False,True
COMPLETED,0.75,3021.0,2085,3392,2.5598881261656055,0.0489489953196607,False,True
COMPLETED,0.7299999999999999,103.0,4059,427,7.017828589529731,0.0250065916986204,True,False
COMPLETED,0.7299999999999999,22.0,4019,2767,3.113774952229112,0.0402503423281014,True,False
COMPLETED,0.7399999999999999,1395.0,2046,1052,7.405712816234678,0.0147594262184575,False,True
COMPLETED,0.75,3560.0,987,4830,1.7151675429921596,0.0300437947711907,False,True
COMPLETED,0.7299999999999999,34.0,2950,1552,8.507016323445363,0.0060892648831941,True,False
COMPLETED,0.7299999999999999,18.0,3721,4367,5.723233027647249,0.0083178003421053,True,False
COMPLETED,0.7399999999999999,1658.0,528,2029,3.775870453248732,0.033808643059805,False,True
COMPLETED,0.7399999999999999,2938.0,1285,3227,9.641455237102695,0.0247117506270296,False,True
COMPLETED,0.7299999999999999,10.0,4468,577,0.1950035791518166,0.0486664018514566,True,False
COMPLETED,0.7299999999999999,1.0,4960,4446,9.374447991003283,0.0356657911245711,False,False
COMPLETED,0.75,1814.0,1730,1794,1.1676406229035927,0.0101582727613858,True,True
COMPLETED,0.7399999999999999,2332.0,46,2993,5.45593136404734,0.0439144805958494,True,True
COMPLETED,0.7299999999999999,1.0,3266,654,4.748534912395292,0.0199645148385316,False,False
COMPLETED,0.7299999999999999,1.0,2780,3468,1.984891744112596,0.0159957446358166,False,False
COMPLETED,0.75,101.0,845,194,7.536774401819335,0.0415031483010388,True,True
ABANDONED,,,2226,3969,3.383242879007012,0.0015594636090099,True,True
COMPLETED,0.7299999999999999,1.0,4152,2256,6.435536453161389,0.0255094975950196,False,False
COMPLETED,0.7399999999999999,3027.0,4360,3784,0.9103191035464406,0.0228599929977208,True,True
COMPLETED,0.7299999999999999,1.0,2389,2382,8.960430802829563,0.0483674139967188,False,False
COMPLETED,0.7299999999999999,1.0,636,3654,4.495953909637407,0.0080369815113954,False,False
COMPLETED,0.75,67.0,2617,66,5.046976525368168,0.0319870564346201,True,True
COMPLETED,0.7399999999999999,2379.0,3371,2885,7.908991419515571,0.0295749569358304,True,True
COMPLETED,0.7299999999999999,1.0,195,860,2.201013847730122,0.0040674677081406,False,False
COMPLETED,0.7299999999999999,1.0,1625,4552,6.802691195861438,0.0382103770510293,False,False
COMPLETED,0.7399999999999999,1575.0,4811,1590,3.5946245405236255,0.0142604168257676,True,True
COMPLETED,0.75,2450.0,4669,3433,7.150856354334392,0.002807062073145,False,True
COMPLETED,0.7299999999999999,90.0,1455,468,2.7022132857227694,0.0282978985211811,True,False
COMPLETED,0.7299999999999999,16.0,327,4163,8.25686216048803,0.0188143053175881,True,False
COMPLETED,0.7399999999999999,1985.0,3551,2135,1.3086300083240494,0.0427689266689121,False,True
COMPLETED,0.75,4502.0,3062,4955,4.150504812205211,0.0465345421615056,False,True
COMPLETED,0.7299999999999999,37.0,1129,1367,5.941782008314505,0.0210435843770392,True,False
COMPLETED,0.7299999999999999,26.0,1934,2638,0.5646137317717075,0.0367147014606744,True,False
COMPLETED,0.7399999999999999,1239.0,3877,1238,9.85530184432864,0.0127601535012945,False,True
COMPLETED,0.75,3353.0,3776,4745,5.532311892447994,0.0133364846264012,True,True
COMPLETED,0.7299999999999999,1.0,1958,1460,4.989541310546921,0.0388454016777686,False,False
COMPLETED,0.7299999999999999,1.0,1230,2663,9.133288554605096,0.0049925315817818,False,False
COMPLETED,0.75,765.0,3038,940,1.0914122015200556,0.0289410636145621,True,True
COMPLETED,0.7399999999999999,2603.0,3495,3145,3.152039384198375,0.0329113692394457,True,True
COMPLETED,0.7299999999999999,1.0,460,483,6.349429531228729,0.0074023315892554,False,False
COMPLETED,0.7299999999999999,1.0,1510,4265,2.0708456650478766,0.047442724827677,False,False
COMPLETED,0.75,1620.0,4536,1916,7.768130040894262,0.0234942669244483,True,True
COMPLETED,0.7399999999999999,2712.0,4717,3065,1.7915479782698676,0.0117504919506609,False,True
COMPLETED,0.7299999999999999,64.0,1642,719,8.748022628474049,0.037239833083935,True,False
COMPLETED,0.7299999999999999,17.0,289,4498,2.8726165401833126,0.022052114253398,True,False
COMPLETED,0.75,1733.0,3354,1839,7.329485419203528,0.0460082792327739,False,True
COMPLETED,0.7399999999999999,3426.0,2554,4043,9.410251611921938,0.0437782076140865,False,True
COMPLETED,0.7399999999999999,11.0,776,2319,0.1088965268470346,0.018288798989728,True,False
COMPLETED,0.7299999999999999,20.0,2452,3523,5.809187935685739,0.027288993940223,True,False
COMPLETED,0.75,104.0,4220,236,4.007227079426872,0.0033329443964175,False,True
COMPLETED,0.7299999999999999,21.0,4136,3727,8.33690435755439,0.0492889655218459,True,False
COMPLETED,0.75,107.0,2320,130,1.53620994037576,0.0237995270243845,False,True
COMPLETED,0.7399999999999999,3437.0,860,3836,6.923124278016389,0.0331864587040618,False,True
COMPLETED,0.7299999999999999,24.0,2686,2428,2.62232408965379,0.0092304028905928,True,False
COMPLETED,0.7299999999999999,18.0,3126,4626,0.327307257191278,0.0054663206073455,True,False
COMPLETED,0.75,1450.0,107,1653,9.785062401608563,0.0309556436692364,False,True
COMPLETED,0.7399999999999999,2338.0,1870,2940,4.2205921479081745,0.0153812358696013,False,True
COMPLETED,0.7299999999999999,50.0,4898,903,6.179241521141493,0.0393373591741546,True,False
COMPLETED,0.7299999999999999,1.0,4445,4079,4.575996162577533,0.0260470901746302,False,False
ABANDONED,,,1386,2044,5.274556513293647,0.000538093461655,True,True
COMPLETED,0.7399999999999999,3122.0,551,3330,0.6825861146235838,0.0409651764067821,True,True
COMPLETED,0.7299999999999999,1.0,3619,357,8.88054069415573,0.0170167358373291,False,False
COMPLETED,0.7299999999999999,1.0,2817,2557,6.565384739905596,0.0194273028643801,False,False
COMPLETED,0.7399999999999999,1404.0,1041,1144,3.524385116428137,0.0449362254478037,True,True
COMPLETED,0.75,4367.0,2179,4854,7.979077805364506,0.010696619360242,True,True
COMPLETED,0.7299999999999999,1.0,3965,1254,2.4384724107030777,0.0346451805285178,False,False
COMPLETED,0.75,3378.0,3953,4864,4.972499746565708,0.0233646410307846,False,True
COMPLETED,0.7299999999999999,50.0,2172,1264,5.525039744799026,0.0473072369829751,True,False
COMPLETED,0.7299999999999999,33.0,1053,2547,1.0596259230403229,0.0073452301211655,True,False
COMPLETED,0.75,1234.0,2824,1134,9.111271692457608,0.0328483763160184,False,True
COMPLETED,0.7399999999999999,2927.0,3632,3339,6.34701823364757,0.0290707098846323,False,True
COMPLETED,0.7299999999999999,101.0,558,367,3.139858670284972,0.0051279992344789,True,False
COMPLETED,0.7299999999999999,16.0,1374,4069,7.741252291429791,0.0389025292387232,True,False
COMPLETED,0.7399999999999999,1709.0,4438,2034,2.034198499251157,0.0133994512725621,False,True
COMPLETED,0.75,2500.0,4891,2949,8.711437296312303,0.0032931916406378,True,True
COMPLETED,0.7299999999999999,1.0,1858,913,1.7647225266508757,0.0272554815281182,False,False
COMPLETED,0.7299999999999999,1.0,115,4616,7.3172521094512195,0.0181281819646246,False,False
COMPLETED,0.75,1595.0,3138,1643,2.8701431109737605,0.0436238604369573,True,True
COMPLETED,0.7399999999999999,3559.0,2693,3846,0.0869701057029888,0.0460480108745396,True,True
COMPLETED,0.7299999999999999,1.0,872,2437,9.378565310235135,0.022085647595115,False,False
COMPLETED,0.7299999999999999,1.0,2313,3717,3.9998546569915487,0.0374004232785664,False,False
COMPLETED,0.75,97.0,4124,121,5.792055632707664,0.0119048661426641,True,True
COMPLETED,0.7299999999999999,1.0,4232,3532,1.5533492648238316,0.039183767307084,False,False
COMPLETED,0.75,122.0,2459,247,8.344274265670217,0.0152213741545565,True,True
COMPLETED,0.7399999999999999,3466.0,764,4033,2.654012644915841,0.0309228865671902,True,True
COMPLETED,0.7299999999999999,1.0,2547,2309,6.945043416946196,0.0054273231616243,False,False
COMPLETED,0.7299999999999999,1.0,3342,4508,9.7875285113547,0.0093840217725373,False,False
COMPLETED,0.75,1767.0,282,1849,0.3395427832696586,0.0333462935886345,True,True
COMPLETED,0.7399999999999999,2422.0,1654,3055,6.206064421191813,0.0238323050560429,True,True
COMPLETED,0.7299999999999999,1.0,4724,709,4.257184464290739,0.049327941853553,False,False
COMPLETED,0.7299999999999999,16.0,4543,4276,5.311201425515116,0.0345814322950318,True,False
COMPLETED,0.7399999999999999,2112.0,1522,1925,4.6028811942562475,0.0106387625820934,False,True
COMPLETED,0.7399999999999999,2709.0,453,3135,8.892714386599138,0.0447999822930432,False,True
COMPLETED,0.7299999999999999,14.0,3483,473,0.6849999265242368,0.0192969216606579,True,False
COMPLETED,0.7299999999999999,25.0,3031,2673,3.546404530144297,0.0170804577935487,True,False
COMPLETED,0.75,942.0,1218,950,6.597164034164512,0.0410230592777952,False,True
ABANDONED,,,1965,4735,2.4457518778154625,0.0006743164244107,False,True
COMPLETED,0.7299999999999999,39.0,3788,1450,7.996117153019645,0.0261774917547591,True,False
COMPLETED,0.7299999999999999,1.0,3884,2649,7.398364382269792,0.0488028104146942,False,False
COMPLETED,0.75,1067.0,1946,1248,3.0966571019319815,0.0248419664222747,True,True
COMPLETED,0.75,4119.0,1122,4945,8.485075747613795,0.0338725567017681,True,True
COMPLETED,0.7299999999999999,1.0,3050,1358,1.6834575508283451,0.0083754917117767,False,False
COMPLETED,0.7299999999999999,1.0,3543,4173,3.7636134530194094,0.0059528293050825,False,False
COMPLETED,0.7399999999999999,1869.0,315,2145,5.720745443750173,0.0299136058064177,True,True
ABANDONED,,,1462,3423,0.1584326996710151,0.0146954916468821,True,True
COMPLETED,0.7299999999999999,1.0,4681,458,9.614653773954137,0.0401926720724441,False,False
COMPLETED,0.7299999999999999,22.0,4823,4561,1.140738884968683,0.0255424669436179,True,False
ABANDONED,,,1633,1600,9.337786372525617,0.001598248808179,False,True
COMPLETED,0.7399999999999999,2383.0,183,2875,4.746137769501657,0.0416569524146616,False,True
COMPLETED,0.7299999999999999,54.0,3363,851,5.443774340610952,0.0161553941043093,True,False
COMPLETED,0.7299999999999999,1.0,4089,1997,6.88374273389578,0.0058432949632406,False,False
COMPLETED,0.75,3574.0,203,3625,3.1346070856554435,0.0312358613959513,True,True
COMPLETED,0.75,1103.0,2468,895,9.35960542291496,0.0171341325677931,True,True
COMPLETED,0.7299999999999999,1.0,3232,4728,0.6099981950605288,0.041360515944194,False,False
COMPLETED,0.7299999999999999,1.0,2976,379,4.691097006320954,0.0469586434578523,False,False
COMPLETED,0.7399999999999999,4063.0,1317,4003,5.941748651675881,0.0231367209651507,True,True
COMPLETED,0.7399999999999999,1700.0,1081,1736,1.5526502746921031,0.0372155986214056,True,True
COMPLETED,0.7299999999999999,1.0,4618,2645,7.801255930176007,0.0114661562074907,False,False
COMPLETED,0.7299999999999999,47.0,4871,1125,1.9717156483605505,0.0199864024184644,True,False
COMPLETED,0.75,3836.0,671,4497,8.221864760771394,0.0441149628157727,False,True
COMPLETED,0.75,2504.0,1688,2228,4.2915542246755205,0.008502935854718,False,True
COMPLETED,0.7299999999999999,19.0,2761,3394,5.54065734721534,0.0337977233803831,True,False
COMPLETED,0.7299999999999999,43.0,3446,1504,9.779043735350482,0.028174675152637,True,False
COMPLETED,0.7399999999999999,3187.0,2097,2879,1.0304057310996575,0.0025237638209946,False,True
COMPLETED,0.75,157.0,614,146,6.483845908128657,0.038111806645058,False,True
COMPLETED,0.7299999999999999,23.0,3835,4236,2.733736445323564,0.0143884653919376,True,False
COMPLETED,0.75,131.0,3915,230,8.746833755781873,0.0355335278692655,False,True
COMPLETED,0.7299999999999999,17.0,379,4143,2.496989639637992,0.0098732053115963,True,False
COMPLETED,0.7299999999999999,46.0,2020,1254,5.011425705306233,0.0485576300113461,True,False
COMPLETED,0.7399999999999999,3232.0,3679,3118,3.7620172885060312,0.0248369256127625,False,True
COMPLETED,0.75,3633.0,2528,2477,0.9300461097443476,0.0188282913235016,False,True
COMPLETED,0.7299999999999999,32.0,1765,3154,9.67837911772821,0.0429655546592548,True,False
COMPLETED,0.7299999999999999,52.0,907,1041,2.8285934691531582,0.0042563906968571,True,False
COMPLETED,0.75,4468.0,4793,4590,6.579008226218634,0.0295477386666461,False,True
COMPLETED,0.75,1864.0,4383,1643,3.659347519711592,0.039615627081599,True,True
COMPLETED,0.7299999999999999,1.0,1161,2729,7.408177994751373,0.0157971233073621,False,False
COMPLETED,0.7299999999999999,2.0,1550,619,0.0797751290379092,0.0267841511326842,False,False
ABANDONED,,,2899,3753,8.829687353159299,0.0010259790420532,True,True
COMPLETED,0.7399999999999999,1025.0,3308,655,5.841923332525417,0.0070112034217454,True,True
COMPLETED,0.7299999999999999,1.0,2234,4977,4.591576981430873,0.032401153284125,False,False
COMPLETED,0.7299999999999999,1.0,125,2091,7.896799828842283,0.0213890085411258,False,False
COMPLETED,0.75,2818.0,4325,3541,1.6478891770914197,0.0456248295130208,True,True
COMPLETED,0.75,544.0,4234,852,4.145232368036174,0.0289352174298837,False,True
COMPLETED,0.7299999999999999,16.0,70,4771,5.3946598564153545,0.0048206192967481,True,False
COMPLETED,0.7299999999999999,30.0,2339,1877,2.0991276060761885,0.0435554638011381,True,False
COMPLETED,0.7399999999999999,3190.0,3370,3745,8.348952650641092,0.018286769232247,False,True
COMPLETED,0.75,1654.0,2846,1854,6.33719042922929,0.0238783783242106,False,True
COMPLETED,0.7299999999999999,25.0,1456,2527,2.5868328869007526,0.0495643755230121,True,False
COMPLETED,0.7299999999999999,106.0,1226,420,9.905549923436716,0.0108059304375201,True,False
COMPLETED,0.7399999999999999,2905.0,4484,3962,1.1571597007159142,0.0345523212789557,False,True
COMPLETED,0.75,2511.0,4699,2271,9.07625395468995,0.0462132029561325,True,True
COMPLETED,0.7299999999999999,1.0,854,3351,0.3263989453054964,0.0208489277348853,False,False
COMPLETED,0.7299999999999999,1.0,1866,1245,7.186022995689885,0.0317870520921424,False,False
COMPLETED,0.7399999999999999,5768.0,2593,4376,3.4371353059131646,0.0075769175630994,True,True
ABANDONED,,,3624,28,1.2696136551415547,0.0019603814873844,True,True
COMPLETED,0.7299999999999999,1.0,1928,4354,7.518543378471397,0.0258015504642389,False,False
COMPLETED,0.7299999999999999,1.0,441,1463,4.994264143099078,0.0148402031809091,False,False
COMPLETED,0.7399999999999999,2559.0,4019,2919,6.244591422614642,0.0406210286724381,True,True
COMPLETED,0.7299999999999999,1.0,3780,1371,0.226725900793448,0.0123943487354554,False,False
COMPLETED,0.7399999999999999,3995.0,522,3002,8.976275913910943,0.0362389246290549,True,True
COMPLETED,0.75,158.0,2159,267,3.532526333954185,0.0221857275147922,True,True
COMPLETED,0.7299999999999999,1.0,3550,4106,7.2817193179912865,0.0479578351313248,False,False
COMPLETED,0.7299999999999999,1.0,2668,1007,8.042825796638615,0.0419549576840363,False,False
COMPLETED,0.75,4792.0,1636,4625,1.7942010695757344,0.0165880778785794,True,True
COMPLETED,0.75,2650.0,772,2363,5.714825776494108,0.0306157863209955,True,True
COMPLETED,0.7299999999999999,1.0,4936,3268,4.464193202718161,0.0064150775857269,False,False
COMPLETED,0.7299999999999999,108.0,4565,502,5.29414796042163,0.0134360778634436,True,False
COMPLETED,0.7399999999999999,3074.0,987,3870,4.045025766302832,0.039112675637938,False,True
COMPLETED,0.75,1915.0,1382,1606,8.443962545095943,0.0034506124281324,False,True
COMPLETED,0.7299999999999999,37.0,3078,2766,2.193832504264079,0.0271996283223852,True,False
COMPLETED,0.7299999999999999,39.0,3140,2126,3.1122598978001625,0.0331790895904414,True,False
COMPLETED,0.75,3563.0,2414,3507,6.862312145868317,0.009073182594031,False,True
COMPLETED,0.7399999999999999,1552.0,307,769,0.6274706389047205,0.0447108900970779,False,True
COMPLETED,0.7299999999999999,27.0,4151,4863,9.376165857892481,0.0194387677740305,True,False
COMPLETED,0.7299999999999999,47.0,4182,436,0.9890685213394464,0.0386944253668189,True,False
COMPLETED,0.7399999999999999,3515.0,257,3937,9.736541967298836,0.0130325978132896,False,True
COMPLETED,0.7399999999999999,2205.0,2366,1831,2.7695807237196712,0.0268235164601355,False,True
COMPLETED,0.7299999999999999,29.0,3168,2541,6.5208547448162,0.0031012960015796,True,False
COMPLETED,0.7299999999999999,33.0,3108,1942,8.181232026084325,0.0094677586155012,True,False
COMPLETED,0.75,4664.0,1332,3690,1.9298825961714607,0.0336065271315164,False,True
COMPLETED,0.7399999999999999,1528.0,940,799,5.577017768842169,0.0197908749384805,False,True
COMPLETED,0.7299999999999999,25.0,4593,4833,4.329114963804372,0.0450837391526438,True,False
COMPLETED,0.7299999999999999,1.0,4964,1437,6.05750316261407,0.0366360024306923,False,False
COMPLETED,0.75,3553.0,724,2935,4.805651199757121,0.0128190008862875,True,True
COMPLETED,0.75,67.0,1586,41,7.681229702164419,0.0483128217309713,True,True
COMPLETED,0.7299999999999999,1.0,2698,4331,1.4338243641825392,0.0225561688351444,False,False
COMPLETED,0.7299999999999999,1.0,3578,1191,3.2496571215204897,0.0161662872759625,False,False
COMPLETED,0.7399999999999999,4707.0,2112,4441,6.997628332529217,0.0415547350929118,True,True
COMPLETED,0.75,2696.0,472,2334,0.4894558238182217,0.0060358030470088,True,True
COMPLETED,0.7299999999999999,1.0,3811,3298,9.240227609964087,0.0302701050085015,False,False
COMPLETED,0.75,2580.0,4047,2416,4.632056864117272,0.0211980193755589,True,True
COMPLETED,0.7299999999999999,1.0,393,3206,5.883603532713838,0.0465890671666711,False,False
COMPLETED,0.7299999999999999,1.0,1878,942,1.6116810487275943,0.0079805512200109,False,False
COMPLETED,0.75,5784.0,3655,4680,7.859391382976437,0.0322054316289722,True,True
COMPLETED,0.75,125.0,2621,290,7.449362315261737,0.0254284541257657,True,True
COMPLETED,0.7299999999999999,1.0,1818,4092,3.701696398513392,0.0016080499058589,False,False
COMPLETED,0.7299999999999999,1.0,804,1355,8.793995330777017,0.0401937207658775,False,False
COMPLETED,0.7399999999999999,4401.0,4730,3027,0.0429185483641922,0.0144457811350002,True,True
COMPLETED,0.7399999999999999,1099.0,4514,706,9.563481933863832,0.0044504023934714,False,True
COMPLETED,0.7299999999999999,26.0,1176,4915,0.8163134841714054,0.0285804781131446,True,False
COMPLETED,0.7299999999999999,31.0,1408,2180,6.6993983041979375,0.0178619631058536,True,False
COMPLETED,0.75,3632.0,2874,3441,2.947818988841027,0.0431582563649863,False,True
COMPLETED,0.7399999999999999,1840.0,3400,1593,2.381388017949648,0.0499103044872172,False,True
COMPLETED,0.7299999999999999,31.0,2289,2790,8.63243245159555,0.024257877648808,True,False
COMPLETED,0.7299999999999999,120.0,22,528,3.881891260503792,0.0349524146043695,True,False
COMPLETED,0.7399999999999999,3801.0,4262,3854,5.13009935980197,0.0112275674333795,False,True
COMPLETED,0.75,1895.0,4375,1789,7.632239034235477,0.0154209463512524,True,True
COMPLETED,0.7299999999999999,1.0,94,2583,1.384547771565616,0.0392670370140112,False,False
COMPLETED,0.7299999999999999,1.0,2206,314,6.125402835486457,0.0006073457682505,False,False
COMPLETED,0.7399999999999999,3335.0,3356,4058,4.873837095310912,0.0263809600402601,True,True
COMPLETED,0.75,1186.0,2949,918,0.4407609329847619,0.0327529950942844,True,True
COMPLETED,0.7299999999999999,1.0,1519,4714,9.191894930134527,0.0073846007040701,False,False
COMPLETED,0.7299999999999999,1.0,1133,1981,3.318501005173661,0.0460187971927225,False,False
COMPLETED,0.7399999999999999,3070.0,4430,3650,7.066109707185068,0.0218165819863788,True,True
COMPLETED,0.75,113.0,4840,83,2.545113370205276,0.010228210167028,False,True
COMPLETED,0.7299999999999999,17.0,879,4289,6.296749900299125,0.0359032904063351,True,False
COMPLETED,0.7299999999999999,29.0,1734,1558,1.1946075003379955,0.0252344339927658,True,False
COMPLETED,0.7399999999999999,3171.0,2578,2814,9.941718735293485,0.0489819463663734,False,True
COMPLETED,0.75,2698.0,3726,2215,5.352274007804692,0.0425864978991448,False,True
COMPLETED,0.7299999999999999,20.0,1992,3417,4.104084980085493,0.0184821086223237,True,False
COMPLETED,0.7299999999999999,48.0,348,1151,8.385846163874492,0.0291266032438725,True,False
COMPLETED,0.75,4577.0,3965,4481,2.1347826586496086,0.0038559846258722,False,True
COMPLETED,0.7299999999999999,49.0,3883,1058,6.747797306188383,0.0445180003014393,True,False
COMPLETED,0.75,3982.0,586,4565,2.9964660703549164,0.0204049064265564,False,True
COMPLETED,0.75,2082.0,2067,2454,9.49495245189499,0.0341465382338501,False,True
COMPLETED,0.7299999999999999,16.0,3496,3168,0.7475362206725404,0.0088793604625388,True,False
COMPLETED,0.7299999999999999,60.0,2809,1319,3.931177221288904,0.0020960607412271,True,False
COMPLETED,0.7399999999999999,2929.0,1660,3063,5.1790609547477215,0.027780553497374,False,True
COMPLETED,0.75,106.0,641,177,2.3131733474060887,0.0140153153925202,False,True
COMPLETED,0.7299999999999999,21.0,4921,4205,8.564541848897933,0.0377601892519742,True,False
COMPLETED,0.7299999999999999,1.0,4668,2065,1.8367397701870647,0.0308116990164853,False,False
COMPLETED,0.75,3532.0,1050,3557,8.084126036589964,0.0054459164021536,True,True
COMPLETED,0.7399999999999999,1040.0,1289,668,4.4271473962217565,0.0409905289900489,True,True
COMPLETED,0.7299999999999999,1.0,3024,4954,5.679018430657686,0.0167788804294541,False,False
COMPLETED,0.7299999999999999,1.0,3282,564,9.018148319856264,0.0235372563018463,False,False
COMPLETED,0.7399999999999999,3173.0,2438,3818,0.2673193189734593,0.0473799324873834,True,True
COMPLETED,0.75,1555.0,175,1706,7.24411926235538,0.0118120912569575,True,True
COMPLETED,0.7299999999999999,1.0,4137,2677,3.496205266083591,0.0375944305956363,False,False
COMPLETED,0.7399999999999999,1415.0,4103,1226,8.752014650784433,0.0082960480670444,True,True
COMPLETED,0.7299999999999999,1.0,181,4397,0.0012035295069217,0.033956365738064,False,False
COMPLETED,0.7299999999999999,1.0,2442,2289,7.485843303164467,0.0202143563679419,False,False
COMPLETED,0.7399999999999999,3026.0,3247,3333,3.73790665939264,0.0439350654687732,True,True
COMPLETED,0.7399999999999999,1818.0,3028,1481,1.570550171474926,0.0383430768777616,True,True
COMPLETED,0.7299999999999999,1.0,1254,2900,7.817913790377789,0.014205818244256,False,False
COMPLETED,0.7299999999999999,4.0,1017,6,4.668927552917041,0.0279706787862814,False,False
COMPLETED,0.7399999999999999,6010.0,4673,4375,5.9208164669582635,0.0026793259298428,True,True
COMPLETED,0.75,1777.0,4888,1897,3.840901185142808,0.0173621912575326,False,True
COMPLETED,0.7299999999999999,22.0,646,3725,5.088767038996332,0.0411807026844471,True,False
COMPLETED,0.7299999999999999,73.0,1664,833,2.418094363377429,0.0056364678437821,True,False
COMPLETED,0.75,4855.0,2774,4788,8.669485512369313,0.0313946320973336,False,True
COMPLETED,0.7399999999999999,794.0,3501,401,6.657577199682594,0.0370115447216667,False,True
COMPLETED,0.7299999999999999,21.0,2032,3981,2.9062686113491654,0.0116215870222076,True,False
COMPLETED,0.7299999999999999,39.0,552,1876,9.599817351980136,0.0471898059998638,True,False
COMPLETED,0.75,2230.0,3888,2506,0.8523832411523908,0.0229539926806464,False,True
COMPLETED,0.7299999999999999,31.0,3970,1626,5.61831321296189,0.0265771275330334,True,False
ABANDONED,,,313,2746,4.370142064847984,0.0011845683841966,False,True
COMPLETED,0.75,287.0,1958,485,8.14422075888794,0.0398438818827271,False,True
COMPLETED,0.7299999999999999,25.0,3732,3888,1.8931346061630172,0.0156174915912561,True,False
COMPLETED,0.7299999999999999,92.0,2544,750,2.8110964594762766,0.0216199895394966,True,False
COMPLETED,0.75,4119.0,1740,4882,6.562710342070089,0.045441905117128,False,True
COMPLETED,0.7399999999999999,2651.0,883,2147,0.9530380249917508,0.0068073308812454,False,True
COMPLETED,0.7299999999999999,27.0,4806,3485,9.700167139552532,0.0325567803946323,True,False
COMPLETED,0.7299999999999999,1.0,4434,246,0.5311314330454915,0.0487857771217823,False,False
COMPLETED,0.7399999999999999,3112.0,1098,4126,9.282247550589961,0.0246572127598337,True,True
COMPLETED,0.7399999999999999,1323.0,1486,1388,3.213481353379786,0.0353264467362314,True,True
COMPLETED,0.7299999999999999,1.0,2954,2984,6.961112702891232,0.0100316633596085,False,False
COMPLETED,0.7299999999999999,1.0,3322,2382,7.722665650182403,0.0040525786401703,False,False
COMPLETED,0.7399999999999999,4539.0,2212,3250,1.4749970350125805,0.0297034941208548,True,True
COMPLETED,0.7399999999999999,942.0,98,986,6.020327254052273,0.0190593770621344,True,True
COMPLETED,0.7299999999999999,1.0,4340,4646,4.768743634271436,0.0427827143506146,False,False
COMPLETED,0.7299999999999999,43.0,4295,2250,2.2715048900209367,0.0316285867602564,True,False
COMPLETED,0.75,4595.0,17,3373,8.522533828008918,0.0077840059800073,False,True
COMPLETED,0.75,1898.0,2284,1107,3.9673601412717248,0.0463928996738977,False,True
COMPLETED,0.7299999999999999,18.0,3436,4516,5.215588504122571,0.0206207967596128,True,False
COMPLETED,0.7299999999999999,326.0,2870,128,9.453504584140145,0.015023050957825,True,False
COMPLETED,0.7299999999999999,3357.0,1443,4254,0.7063563980003819,0.0403899354655295,False,True
ABANDONED,,,1209,1523,6.784961295013317,0.0018046423527412,False,True
COMPLETED,0.7299999999999999,20.0,4509,2858,3.033366483998485,0.0260053462013602,True,False
COMPLETED,0.7299999999999999,1.0,4763,873,7.202835737972521,0.0437351000350899,False,False
COMPLETED,0.75,5276.0,799,4749,3.455185316882096,0.0180585099132731,True,True
COMPLETED,0.75,3449.0,1814,2016,9.055171506789511,0.0287766473577357,True,True
COMPLETED,0.7299999999999999,1.0,2655,3606,0.3040744608240202,0.0050276236264035,False,False
COMPLETED,0.7299999999999999,1.0,3650,1754,4.385624508623033,0.0106502989935688,False,False
COMPLETED,0.7399999999999999,2603.0,1913,2628,5.637150913666934,0.0347561981528997,True,True
COMPLETED,0.7299999999999999,1967.0,427,359,1.8727631146926436,0.0240612836345098,True,True
COMPLETED,0.7299999999999999,1.0,4041,4023,8.120488944599405,0.0493334136102348,False,False
COMPLETED,0.75,398.0,3806,598,3.3594791607977825,0.003291846060194,True,True
COMPLETED,0.7299999999999999,1.0,507,3775,7.10743487614859,0.0274064512928016,False,False
COMPLETED,0.7299999999999999,1.0,2146,1662,0.4040426678201183,0.013615910208784,False,False
COMPLETED,0.7399999999999999,3085.0,3572,2710,9.15483471751865,0.038884597862605,True,True
COMPLETED,0.7399999999999999,3571.0,2731,2108,6.167231091843918,0.0448936138637363,True,True
COMPLETED,0.7299999999999999,1.0,1580,3523,4.915399392539636,0.0192076097498647,False,False
COMPLETED,0.7299999999999999,1.0,720,635,7.5959107679612945,0.033023639505729,False,False
COMPLETED,0.75,4641.0,4999,4997,1.348489934321493,0.0092772557637654,True,True
COMPLETED,0.7399999999999999,1786.0,4589,1275,8.427819692024961,0.022365617393516,False,True
COMPLETED,0.7299999999999999,28.0,974,3097,2.176485757770017,0.047729888650123,True,False
COMPLETED,0.7299999999999999,227.0,1365,210,5.315785868059844,0.012235690058209,True,False
COMPLETED,0.7399999999999999,5080.0,3103,4161,4.067862799469382,0.036445828736294,False,True
COMPLETED,0.75,1247.0,3202,1024,1.2357502973275258,0.0304602314960211,False,True
COMPLETED,0.7299999999999999,17.0,2360,4608,9.98320347973425,0.0066190666682086,True,False
COMPLETED,0.7299999999999999,27.0,253,2498,2.5082546011423688,0.0421376209668815,True,False
COMPLETED,0.7399999999999999,3191.0,4217,3134,6.2595441178968185,0.0163567915107123,False,True
COMPLETED,0.7399999999999999,1792.0,4167,1537,2.8704609861439097,0.048154051029589,False,True
COMPLETED,0.7299999999999999,22.0,283,2835,6.620531113817357,0.0227629961390048,True,False
COMPLETED,0.7199999999999999,12.0,2388,103,0.893683201734908,0.0368158156904391,True,False
COMPLETED,0.7399999999999999,4988.0,3154,4270,9.642355773222633,0.0125909421965479,False,True
COMPLETED,0.75,1654.0,3053,1168,5.052445654507727,0.006218531331513,False,True
COMPLETED,0.7299999999999999,23.0,1396,4463,3.8033008128888905,0.0300389424664899,True,False
COMPLETED,0.7299999999999999,26.0,1002,2194,8.710078613931312,0.0160108564612455,True,False
COMPLETED,0.75,4620.0,4542,3437,2.4599664527047422,0.0417587889926508,False,True
COMPLETED,0.7399999999999999,1492.0,4951,335,7.937979651514442,0.027003413807135,True,True
COMPLETED,0.7299999999999999,1.0,749,4037,1.6893370448462663,0.002873342052102,False,False
COMPLETED,0.7299999999999999,1.0,1611,1770,5.805022918881849,0.0385357830091379,False,False
COMPLETED,0.7399999999999999,3464.0,2681,2602,4.55441299260594,0.0132394856009632,True,True
COMPLETED,0.75,1998.0,3525,1964,0.1217831499269232,0.0196353128296323,True,True
COMPLETED,0.7299999999999999,1.0,2174,3668,8.871355810544454,0.0452877355189994,False,False
COMPLETED,0.7299999999999999,1.0,537,938,3.622819970336743,0.0096504057631827,False,False
COMPLETED,0.75,4246.0,3756,4694,7.3719950747685505,0.0333752568988129,True,True
COMPLETED,0.7299999999999999,1.0,3994,690,1.5111655302513392,0.0177035050578415,False,False
COMPLETED,0.75,5010.0,455,4933,7.760113133186474,0.0433653374980203,True,True
COMPLETED,0.7399999999999999,2401.0,1944,2046,4.728302788723261,0.0046301152464002,True,True
COMPLETED,0.7299999999999999,1.0,3600,3576,5.978607420738787,0.0283523310027085,False,False
COMPLETED,0.7299999999999999,1.0,2608,1688,9.31790232379455,0.0351352549130097,False,False
COMPLETED,0.7399999999999999,2835.0,1842,2694,0.5680246669100598,0.0109964816947467,True,True
COMPLETED,0.75,289.0,830,584,6.919965035571717,0.0497545490330085,True,True
COMPLETED,0.7299999999999999,1.0,4713,3798,3.1710952254002915,0.0244616897054947,False,False
COMPLETED,0.7299999999999999,28.0,4459,2433,6.442283610899933,0.008160182936117,True,False
COMPLETED,0.7399999999999999,3353.0,1240,3189,2.691908188966103,0.0319771768278442,False,True
COMPLETED,0.7399999999999999,1666.0,1471,1076,9.815101572594607,0.0210394300334155,False,True
COMPLETED,0.7299999999999999,18.0,2823,4545,1.0667339973738417,0.0467960907663218,True,False
COMPLETED,0.7299999999999999,192.0,3385,195,4.250229055712,0.0400380936553701,True,False
COMPLETED,0.7399999999999999,5327.0,2314,4188,5.499679191591218,0.0146496536755003,False,True
COMPLETED,0.7399999999999999,1788.0,45,1299,2.008775860976428,0.0256113785216584,False,True
COMPLETED,0.7299999999999999,39.0,4248,3084,8.258583025936037,0.0013770689074881,True,False
COMPLETED,0.7299999999999999,1.0,4310,62,5.756376153985969,0.0250274296631105,False,False
COMPLETED,0.7399999999999999,3117.0,149,4311,4.506014307233506,0.0491405164385214,True,True
COMPLETED,0.7399999999999999,1731.0,2260,1420,8.00675603965763,0.0104564694860018,True,True
COMPLETED,0.7299999999999999,1.0,3294,2953,1.757865651459433,0.0357236541723832,False,False
COMPLETED,0.7299999999999999,1.0,2924,2314,3.5738586547598246,0.0293575651566497,False,False
COMPLETED,0.7399999999999999,4308.0,1536,3317,7.3227093933522704,0.0036730793155729,True,True
COMPLETED,0.7399999999999999,1171.0,1146,1212,0.189672840019688,0.0423826210252009,True,True
COMPLETED,0.7299999999999999,1.0,4406,4420,8.939569568483158,0.018637740066275,False,False
COMPLETED,0.7299999999999999,12.0,4778,1811,0.6689482315033674,0.000835476743523,True,False
COMPLETED,0.7399999999999999,2113.0,931,2561,9.417296735145152,0.0262012633224949,False,True
COMPLETED,0.75,448.0,1790,453,3.0750469635557383,0.0152138579343445,False,True
COMPLETED,0.7299999999999999,25.0,2514,3919,6.825441457068548,0.0394255023458972,True,False
COMPLETED,0.7299999999999999,57.0,3704,818,8.485677563953212,0.0458150014556013,True,False
COMPLETED,0.75,4783.0,2006,4814,2.2358131842566653,0.0219723211210221,False,True
COMPLETED,0.75,2015.0,363,1920,5.2579376995423805,0.0329840883011929,False,True
COMPLETED,0.7299999999999999,20.0,3939,3711,4.0085447784001005,0.0072017529271543,True,False
COMPLETED,0.7399999999999999,2656.0,3860,2160,9.864377252606674,0.0407836248828098,False,True
COMPLETED,0.7299999999999999,22.0,599,3462,1.1157237526979296,0.0169375391067005,True,False
COMPLETED,0.7299999999999999,60.0,2082,724,6.374097994714976,0.0310396454976871,True,False
COMPLETED,0.75,3327.0,3470,4898,2.6240087954625486,0.0052660265234299,False,True
COMPLETED,0.75,456.0,2746,547,2.057107665450312,0.0120433776248246,False,True
COMPLETED,0.7299999999999999,20.0,1712,3835,8.30727704141382,0.0374117673127912,True,False
COMPLETED,0.7299999999999999,40.0,696,1571,4.18174799767416,0.0233332672193646,True,False
COMPLETED,0.7399999999999999,3055.0,4858,2811,5.430835624556058,0.0475354873123578,False,True
COMPLETED,0.75,863.0,4642,962,4.952408545845189,0.0343746160091832,True,True
COMPLETED,0.7299999999999999,1.0,1067,4660,6.203075686858036,0.0086995281171984,False,False
COMPLETED,0.7299999999999999,1.0,1302,2398,1.3059884828878563,0.0443111773310229,False,False
COMPLETED,0.7399999999999999,4320.0,3000,3224,7.554573874819093,0.0205636727944947,True,True
COMPLETED,0.7399999999999999,1381.0,3216,1336,7.144995894646272,0.0138112422227859,True,True
COMPLETED,0.7299999999999999,1.0,2492,3046,3.395839861793444,0.0379156393366865,False,False
COMPLETED,0.7299999999999999,1.0,228,311,9.113001944698393,0.0023272187653928,False,False
COMPLETED,0.7399999999999999,3476.0,4075,4071,0.3634102125018835,0.0275978297307156,True,True
COMPLETED,0.7299999999999999,131.0,4063,295,4.519698127902114,0.0185339866308495,True,False
COMPLETED,0.7399999999999999,4102.0,220,4077,5.771528486235999,0.0422799832210876,False,True
COMPLETED,0.7399999999999999,2825.0,2482,1340,1.724042168890126,0.0037636032076552,False,True
COMPLETED,0.7299999999999999,26.0,3208,3033,7.971464045506902,0.029449262951035,True,False
COMPLETED,0.7299999999999999,27.0,2989,2392,7.327525004293769,0.0358147768173366,True,False
COMPLETED,0.7399999999999999,3246.0,1294,3240,3.57957062991336,0.0105456739827059,False,True
COMPLETED,0.7399999999999999,1339.0,1056,976,8.915835025692358,0.0490392087250947,False,True
COMPLETED,0.7299999999999999,21.0,4633,4656,0.1650419330168515,0.0249242399442009,True,False
COMPLETED,0.7299999999999999,1.0,4848,1577,9.451253718767315,0.0070993275539949,False,False
COMPLETED,0.7399999999999999,2574.0,684,2795,0.7038015793375672,0.0328805000898428,True,True
COMPLETED,0.75,411.0,1704,533,6.811624135347084,0.0220638064844533,True,True
COMPLETED,0.7299999999999999,1.0,2736,3839,3.060333277622238,0.0459053601236082,False,False
COMPLETED,0.7299999999999999,1.0,3462,740,2.259109080730937,0.0395149192735552,False,False
COMPLETED,0.75,3369.0,2072,4892,8.510441972008906,0.0153051458033733,True,True
COMPLETED,0.7399999999999999,3307.0,590,2157,4.00416781377513,0.0260978611726313,True,True
COMPLETED,0.7299999999999999,1.0,3849,3476,5.252092223335989,0.000734003806021,False,False
COMPLETED,0.7399999999999999,2433.0,3931,1927,1.1113659341502935,0.0476381046478636,True,True
COMPLETED,0.7299999999999999,1.0,353,3696,9.858512779319657,0.0234370355913415,False,False
COMPLETED,0.7299999999999999,1.0,1997,805,2.6472856948561967,0.0373201139592565,False,False
COMPLETED,0.75,5646.0,3692,4818,6.398881548848004,0.0119528155615553,True,True
COMPLETED,0.7399999999999999,263.0,2505,469,8.293440573615023,0.0051767893875949,True,True
COMPLETED,0.7299999999999999,1.0,1778,3913,2.042412976597436,0.0309485492222011,False,False
COMPLETED,0.7299999999999999,1.0,923,1807,5.464811605258846,0.017040737492498,False,False
COMPLETED,0.75,2672.0,4767,2574,4.216582199431024,0.0408849294614046,True,True
COMPLETED,0.7399999999999999,1603.0,4396,1196,6.179321997989901,0.0277013856717385,False,True
COMPLETED,0.7299999999999999,22.0,1138,4426,4.927796635922976,0.0024296708768233,True,False
COMPLETED,0.7299999999999999,31.0,1525,2318,7.559408482841218,0.0378252897043712,True,False
COMPLETED,0.7399999999999999,2500.0,2914,3304,1.3116813119640571,0.0137197540933266,False,True
COMPLETED,0.7399999999999999,2054.0,3282,1413,3.3620355253014718,0.0204723640880547,False,True
COMPLETED,0.7299999999999999,27.0,2251,2969,7.10968490341492,0.0442217749711126,True,False
COMPLETED,0.7399999999999999,5.0,138,75,0.3770750360898673,0.0088010451267473,True,False
COMPLETED,0.7399999999999999,4415.0,4302,4307,9.128173423025759,0.0344779796190559,False,True
COMPLETED,0.7399999999999999,1744.0,4257,1305,6.6259570152862,0.0418616274259984,True,True
COMPLETED,0.7299999999999999,1.0,56,3068,2.8743420897154137,0.0161125209922902,False,False
COMPLETED,0.7299999999999999,1.0,2323,181,9.6167903588498,0.0299493335764855,False,False
COMPLETED,0.7399999999999999,3737.0,3396,4191,0.8696625852594153,0.0061278068101964,True,True
COMPLETED,0.7399999999999999,1581.0,2830,1092,3.8188155051395296,0.0124988934854045,True,True
COMPLETED,0.7299999999999999,1.0,1481,4539,5.066987696230412,0.0367256489847786,False,False
COMPLETED,0.7299999999999999,1.0,1249,2429,2.425532679608092,0.0228652299186214,False,False
COMPLETED,0.7399999999999999,3606.0,4470,3202,8.676617491362617,0.048258202957455,True,True
COMPLETED,0.75,355.0,4724,568,1.7144638129025696,0.0334771338608115,False,True
COMPLETED,0.7299999999999999,20.0,839,3804,7.962133769042792,0.0097534094206057,True,False
COMPLETED,0.7299999999999999,32.0,1853,1691,4.5494257374536256,0.0451967985667288,True,False
COMPLETED,0.7399999999999999,3293.0,2615,2681,5.801008314257488,0.0195455387155525,False,True
COMPLETED,0.7399999999999999,1993.0,3610,2040,8.905923084693962,0.0131495313262566,False,True
COMPLETED,0.7299999999999999,11.0,1952,3592,0.1548056261790916,0.0384438995220698,True,False
COMPLETED,0.7299999999999999,75.0,467,703,7.356346881465056,0.0029772815490141,True,False
COMPLETED,0.75,5134.0,4003,4929,3.6087165749305856,0.0271054823626764,False,True
COMPLETED,0.7299999999999999,58.0,3766,922,7.744445793805645,0.0243599866344593,True,False
COMPLETED,0.75,5437.0,546,4700,1.4970811319258064,0.0496517546717077,False,True
COMPLETED,0.7399999999999999,3006.0,2185,1968,6.013193691968919,0.011087220783811,False,True
COMPLETED,0.7299999999999999,54.0,3534,3655,4.761306118898094,0.0352248429656028,True,False
COMPLETED,0.7299999999999999,7.0,2693,1764,0.5630565578350797,0.028442494942341,True,False
COMPLETED,0.7399999999999999,3271.0,1620,2618,9.313868722089566,0.0047221729932352,False,True
COMPLETED,0.7399999999999999,525.0,759,349,3.1962029963759706,0.0432612123084254,False,True
COMPLETED,0.7299999999999999,30.0,4959,4033,6.944138299177402,0.0176012390078976,True,False
COMPLETED,0.7299999999999999,1.0,4549,2200,2.657493561946787,0.0012740621152333,False,False
COMPLETED,0.75,3144.0,1013,3421,6.408803491250612,0.0255095102265477,True,True
COMPLETED,0.7399999999999999,1169.0,1405,1155,1.0822296925438568,0.0147394541590474,True,True
COMPLETED,0.7299999999999999,1.0,3064,4467,9.829662760394624,0.0401289979685097,False,False
COMPLETED,0.7299999999999999,2.0,3163,118,5.474094631141052,0.0468879360822029,False,False
COMPLETED,0.7399999999999999,3089.0,2400,4264,4.2262274363171315,0.0211294287489727,True,True
COMPLETED,0.7399999999999999,2606.0,291,1533,8.264027924485502,0.0318751232088543,True,True
COMPLETED,0.7299999999999999,1.0,4177,2849,2.0126378184705973,0.0080562229705974,False,False
COMPLETED,0.7299999999999999,1.0,4205,2482,8.546897732906043,0.0259040390411391,False,False
ABANDONED,,,244,3140,2.296727015972137,0.0017014524494297,True,True
COMPLETED,0.75,1254.0,2350,1028,5.211364112129435,0.0404810579260811,True,True
COMPLETED,0.7299999999999999,1.0,3194,4594,3.962277528224513,0.0151122560077346,False,False
COMPLETED,0.7299999999999999,1.0,3092,204,0.7395505184633657,0.0207113200984895,False,False
COMPLETED,0.7399999999999999,2936.0,1357,4178,9.488205359342508,0.0464845976526849,True,True
COMPLETED,0.7399999999999999,1736.0,963,1289,3.019091444381513,0.0076802527289837,True,True
COMPLETED,0.7299999999999999,1.0,4580,3093,6.7691796006569644,0.0315259484029375,False,False
COMPLETED,0.7299999999999999,71.0,4990,640,3.4589329194007443,0.0492300112759694,True,False
ABANDONED,,,709,4981,7.208089995230547,0.0239598112502135,False,True
COMPLETED,0.7399999999999999,2105.0,1573,2095,0.2801873454013839,0.0348456156337633,False,True
COMPLETED,0.7299999999999999,26.0,2721,3527,9.029777736627496,0.0107415866781957,True,False
COMPLETED,0.7299999999999999,36.0,3564,1678,5.651597597494722,0.0051191091742366,True,False
ABANDONED,,,2135,2704,4.400929413504899,0.0288670054725371,False,True
COMPLETED,0.75,514.0,498,594,8.087123179925605,0.0179560839869081,False,True
COMPLETED,0.7299999999999999,21.0,3794,3789,1.8385391289647668,0.0436315120081417,True,False
ABANDONED,,,4033,365,7.074088257552125,0.0093804547027684,False,True
COMPLETED,0.7299999999999999,20.0,417,4008,3.3252361779892814,0.033124943899922,True,False
COMPLETED,0.7299999999999999,36.0,1904,1741,9.169262404265812,0.0191183724296279,True,False
ABANDONED,,,3638,2631,0.419366718779318,0.0448025181414559,False,True
ABANDONED,,,2646,2032,4.891493131039665,0.0387929439558647,False,True
COMPLETED,0.7299999999999999,24.0,1803,3600,6.141856318762526,0.0135253483299165,True,False
COMPLETED,0.7299999999999999,52.0,791,869,1.3522565339207648,0.0275090688127093,True,False
ABANDONED,,,4752,4762,7.6011458791419875,0.0033956138789653,False,True
COMPLETED,0.7299999999999999,1.0,1393,1983,1.5980942528545856,0.0486312896609306,False,False
COMPLETED,0.7399999999999999,2099.0,4757,2978,6.435695553711616,0.0199395264028571,True,True
COMPLETED,0.7399999999999999,1112.0,3576,957,4.853312016168609,0.0266901315343566,True,True
COMPLETED,0.7299999999999999,1.0,75,4022,9.390650070266798,0.0057331023067235,False,False
COMPLETED,0.7299999999999999,1.0,1201,201,5.60401018058788,0.0088730109990574,False,False
COMPLETED,0.75,4353.0,2690,4828,0.1253369822232052,0.0359204560536891,True,True
COMPLETED,0.75,2032.0,4008,1870,8.580925545839593,0.0169029047014191,True,True
COMPLETED,0.7299999999999999,1.0,2382,3177,3.4366918544527145,0.0393093884992413,False,False
COMPLETED,0.7299999999999999,60.0,2046,779,8.007554364033975,0.0342404913092032,True,False
COMPLETED,0.7399999999999999,3000.0,4307,4275,2.525219124511816,0.0101904733846895,False,True
COMPLETED,0.75,2063.0,2987,2233,5.943633534565569,0.0410860294275917,False,True
COMPLETED,0.7299999999999999,9.0,862,2800,0.8006195302531123,0.0154887646567076,True,False
COMPLETED,0.7299999999999999,40.0,362,1418,4.196945420053788,0.0248341351975686,True,False
COMPLETED,0.75,5149.0,3248,3548,9.030885266427882,0.0441476183123886,False,True
FAILED,,,4431,568,2.489424499269575,0.0009351711710914,False,True
COMPLETED,0.7299999999999999,18.0,1682,4377,7.027984028402717,0.0310771275288425,True,False
COMPLETED,0.7399999999999999,312.0,1760,405,3.0165151515677566,0.0186148705924861,False,True
COMPLETED,0.7299999999999999,16.0,4665,4564,7.555340639829635,0.0379736606935039,True,False
COMPLETED,0.7299999999999999,14.0,3327,1275,1.0136232072124258,0.0071150646861642,True,False
COMPLETED,0.75,2684.0,597,3676,5.847829608702101,0.0373023516335524,False,True
COMPLETED,0.75,2871.0,629,2421,9.16576633613184,0.0279640123359859,False,True
COMPLETED,0.7299999999999999,24.0,2909,2635,4.023020078908653,0.0040620235656388,True,False
COMPLETED,0.7299999999999999,54.0,4072,909,7.4411575599508355,0.0472087085745297,True,False
COMPLETED,0.7399999999999999,2959.0,1968,4130,1.9590894715311005,0.0217594965612515,False,True
COMPLETED,0.75,1759.0,2303,1681,6.608420037241653,0.0026720504923723,True,True
COMPLETED,0.7299999999999999,1.0,3773,3342,1.4644523049835116,0.0297648261366412,False,False
COMPLETED,0.7299999999999999,1.0,2613,71,9.91978412864264,0.0230527860745787,False,False
COMPLETED,0.7399999999999999,4092.0,967,4973,4.441377485393547,0.0455045768585987,True,True
COMPLETED,0.75,1077.0,310,1119,0.576348507842049,0.0423848236594349,True,True
COMPLETED,0.7299999999999999,1.0,3655,3835,5.113954309029506,0.0138411123291589,False,False
COMPLETED,0.7299999999999999,1.0,4991,2126,3.5312937679765746,0.0327945065828971,False,False
COMPLETED,0.7399999999999999,3173.0,1471,2850,8.369162210623731,0.0119855065094307,True,True
COMPLETED,0.7399999999999999,1423.0,1557,1048,6.229583095685579,0.0209999736575409,False,True
COMPLETED,0.7299999999999999,19.0,4912,3918,0.7496510241115466,0.0481448774053715,True,False
COMPLETED,0.7299999999999999,27.0,3749,1877,7.9566234236881135,0.0046786947664804,True,False
COMPLETED,0.7399999999999999,2866.0,219,3068,2.8111308590918775,0.0271825898662209,False,True
COMPLETED,0.75,2596.0,1046,1775,2.223671945159324,0.0363948078737594,False,True
COMPLETED,0.7299999999999999,19.0,2526,3279,7.0600143634947035,0.0078004550877958,True,False
COMPLETED,0.7299999999999999,176.0,3864,300,4.229014661911876,0.0388289914326742,True,False
COMPLETED,0.75,3875.0,2209,4732,8.765093842800708,0.01796942089824,False,True
COMPLETED,0.75,2449.0,1880,2329,4.821300100794994,0.0122116883108392,True,True
COMPLETED,0.7299999999999999,1.0,4151,2701,9.656422236069105,0.0316210722918622,False,False
COMPLETED,0.7299999999999999,1.0,2815,678,1.8639042172599585,0.0134615044840611,False,False
COMPLETED,0.7399999999999999,2991.0,720,4369,6.403646035293118,0.0436994087304919,True,True
COMPLETED,0.75,808.0,518,479,8.631913812669925,0.0467549288575537,True,True
COMPLETED,0.7299999999999999,1.0,3413,4482,3.150760862047784,0.0228008588217198,False,False
COMPLETED,0.7299999999999999,1.0,4574,1523,5.318118020450696,0.0284758566981181,False,False
COMPLETED,0.75,3287.0,1854,3456,0.1762863050382584,0.002974492793437,True,True
COMPLETED,0.7299999999999999,1.0,1620,1335,9.79006845828332,0.040574940375518,False,False
COMPLETED,0.75,2587.0,4496,3619,4.648581074269488,0.0165755401188507,True,True
COMPLETED,0.7399999999999999,2256.0,3178,350,6.815584644853137,0.0346950263362377,True,True
COMPLETED,0.7299999999999999,1.0,439,4626,1.3347754296427592,0.0091483558141626,False,False
COMPLETED,0.7299999999999999,1.0,798,842,3.640812505824492,0.006089292589575,False,False
COMPLETED,0.7399999999999999,3261.0,3049,4181,8.180896867295726,0.0253506241817958,True,True
COMPLETED,0.75,3022.0,4230,2474,0.3880455242199823,0.0197382668829523,True,True
COMPLETED,0.7299999999999999,1.0,2116,2571,5.223510798919016,0.0498281423440203,False,False
COMPLETED,0.7299999999999999,41.0,2444,136,1.2018687898516651,0.0302452084510587,True,False
COMPLETED,0.7299999999999999,10434.0,3943,4921,5.738292302139104,0.001605549047701,False,True
COMPLETED,0.7399999999999999,1827.0,2760,1631,2.9069390872353686,0.0450302338898181,False,True
COMPLETED,0.7299999999999999,22.0,1124,3408,7.74362524098251,0.0241253331345506,True,False
COMPLETED,0.7299999999999999,49.0,140,2064,7.233935551356525,0.0148955051172524,True,False
COMPLETED,0.7399999999999999,2134.0,3514,2904,2.0887855301983653,0.0418923800797201,False,True
COMPLETED,0.75,1290.0,4834,1177,9.295424680006688,0.0109250681060366,False,True
COMPLETED,0.7299999999999999,20.0,1324,3775,3.8158357478575775,0.0332809108169749,True,False
COMPLETED,0.7299999999999999,150.0,1271,269,8.914514626153744,0.0019850219106301,True,False
COMPLETED,0.75,3282.0,4802,4701,4.078972916142084,0.0306254366240464,False,True
COMPLETED,0.7399999999999999,1465.0,3464,1725,6.911621657446028,0.0237449168716557,False,True
COMPLETED,0.7299999999999999,28.0,109,3227,2.37146026467532,0.0446505729369819,True,False
COMPLETED,0.7299999999999999,36.0,1156,1933,2.64313798960764,0.0414986035325564,True,False
COMPLETED,0.7399999999999999,2397.0,2811,3124,8.124023938124067,0.0145024838801473,False,True
COMPLETED,0.7399999999999999,1313.0,3974,1085,0.9185277420841158,0.0336741201439872,False,True
COMPLETED,0.7299999999999999,22.0,2495,3955,6.0600924553908415,0.0113190327431075,True,False
COMPLETED,0.7199999999999999,1.0,2166,1544,0.0076658241590484,0.0162066423343494,False,False
COMPLETED,0.75,3274.0,4261,3479,5.487330893627369,0.0402052872809581,True,True
COMPLETED,0.75,410.0,3101,520,3.3190314986500886,0.0095181984738446,True,True
COMPLETED,0.7299999999999999,1.0,830,4525,8.46425706114061,0.0350641136858612,False,False
COMPLETED,0.7299999999999999,1.0,408,632,6.552466622645968,0.0257549743321724,False,False
COMPLETED,0.7399999999999999,3905.0,3127,4323,1.7157046295730396,0.006492887429893,True,True
COMPLETED,0.75,2451.0,4464,2302,9.50741272088699,0.0494243579385802,True,True
COMPLETED,0.7299999999999999,1.0,1568,2674,4.97091396526061,0.0193337271674536,False,False
COMPLETED,0.75,1788.0,1803,2433,5.074157399328426,0.0320014420854859,True,True
COMPLETED,0.7299999999999999,1.0,4543,2529,0.5380008891467005,0.0125913027944043,False,False
COMPLETED,0.7299999999999999,1.0,3361,820,8.329375954187473,0.043319983812049,False,False
COMPLETED,0.7399999999999999,3049.0,485,4159,3.492956802546047,0.0130813242555595,True,True
COMPLETED,0.7299999999999999,676.0,752,377,1.502700989862904,0.0224076015502214,True,True
COMPLETED,0.7299999999999999,1.0,2866,4653,6.648270585758612,0.0463609162759967,False,False
COMPLETED,0.7299999999999999,1.0,4183,1382,4.479617900955492,0.003368315809872,False,False
COMPLETED,0.7399999999999999,2644.0,1933,3666,9.959626407842151,0.0288689244044944,True,True
COMPLETED,0.75,929.0,2261,1228,3.984370965369046,0.0477750826901756,False,True
COMPLETED,0.7299999999999999,25.0,3897,3826,9.126277924120426,0.0206309342524036,True,False
COMPLETED,0.7299999999999999,28.0,2577,2096,1.9204487763056528,0.027551441181451,True,False
COMPLETED,0.7399999999999999,3205.0,1077,2937,7.401677566253581,0.0050483013917692,False,True
COMPLETED,0.7399999999999999,2269.0,187,1594,7.594889842499048,0.0082042859625071,False,True
COMPLETED,0.7299999999999999,18.0,3697,3372,3.0550724831335248,0.0367993940585292,True,False
COMPLETED,0.7299999999999999,553.0,4880,80,5.887368009109982,0.0175650228033773,True,False
COMPLETED,0.75,4123.0,1507,4865,1.0521697365166616,0.0384253486478701,False,True
COMPLETED,0.7399999999999999,2555.0,1444,1823,3.267433071664535,0.0293595318486914,True,True
COMPLETED,0.7299999999999999,1.0,4945,3131,8.749577595396898,0.0022660008943639,False,False
COMPLETED,0.7399999999999999,1.0,3628,174,0.2929478613901883,0.0459104383666999,False,False
COMPLETED,0.75,3264.0,263,4802,5.43577114991285,0.0234578922726213,True,True
COMPLETED,0.75,1091.0,1013,979,9.538814476105385,0.0142094436311163,True,True
COMPLETED,0.7299999999999999,1.0,2639,4044,4.70453134130966,0.0427523996513336,False,False
COMPLETED,0.7299999999999999,1.0,3819,2025,6.286046544646845,0.0116181186074391,False,False
COMPLETED,0.7399999999999999,2613.0,2331,3020,1.7471437270920724,0.0324263633708469,True,True
COMPLETED,0.75,735.0,1995,624,7.1779847069541,0.0383653601380065,False,True
COMPLETED,0.7299999999999999,22.0,4119,4433,2.340040126987733,0.0190073253470472,True,False
COMPLETED,0.7299999999999999,43.0,2935,1456,8.883055767945946,0.0369100864441134,True,False
COMPLETED,0.75,4314.0,674,3584,4.345374425426126,0.0067235548067837,False,True
COMPLETED,0.7399999999999999,2410.0,550,2201,0.6331886763619258,0.0036800959450192,False,True
COMPLETED,0.7299999999999999,27.0,3299,2768,6.111671158936807,0.0275828400254249,True,False
COMPLETED,0.7299999999999999,76.0,4619,728,2.6946793136037885,0.0221404793066903,True,False
COMPLETED,0.7399999999999999,3448.0,1734,4224,7.838722289200872,0.0475904466300271,False,True
COMPLETED,0.7299999999999999,55.0,1655,873,2.1282808705568312,0.0097845654073171,True,False
COMPLETED,0.7399999999999999,4603.0,4384,4094,7.272591891236605,0.0338353386418893,False,True
COMPLETED,0.75,2038.0,3222,2365,3.855322818898596,0.0158941068891435,False,True
COMPLETED,0.7299999999999999,27.0,316,2580,9.33407275056932,0.0414921269700862,True,False
COMPLETED,0.7299999999999999,40.0,910,1327,5.699732512127609,0.0445149582698941,True,False
COMPLETED,0.7399999999999999,3531.0,3014,3728,1.1623174267299472,0.0252022304651327,False,True
COMPLETED,0.75,209.0,4353,437,7.705076104235837,0.0307088426961563,False,True
COMPLETED,0.7299999999999999,17.0,2073,4596,2.8673983773784713,0.0005676416484639,True,False
COMPLETED,0.7299999999999999,1.0,2408,2154,8.219246795440093,0.0203318395367823,False,False
COMPLETED,0.7399999999999999,2163.0,4054,2877,3.680612022968009,0.0490228483146056,True,True
COMPLETED,0.7399999999999999,1657.0,2718,1166,5.261849924801849,0.0053413563929498,True,True
COMPLETED,0.7299999999999999,1.0,1248,3881,0.4278342391019687,0.0262976303105242,False,False
COMPLETED,0.7299999999999999,2.0,30,30,4.608723150415345,0.0355395197775214,False,False
COMPLETED,0.75,3666.0,3550,4932,9.751812696060163,0.0084913194128312,True,True
COMPLETED,0.75,1293.0,4710,1659,1.2949259241027755,0.0396912681753747,True,True
COMPLETED,0.7299999999999999,1.0,1366,3320,6.7773373009441435,0.0172840290674939,False,False
COMPLETED,0.75,1103.0,1331,697,4.531464947577566,0.0408197206729091,True,True
COMPLETED,0.7299999999999999,1.0,4705,4350,9.985460267726333,0.0153701013159006,False,False
COMPLETED,0.7299999999999999,1.0,3521,2310,1.5299841593774035,0.0343597034299746,False,False
COMPLETED,0.7399999999999999,2049.0,11,2721,6.698363214735874,0.0104566110144369,True,True
FAILED,,,1214,1503,8.298147500768302,0.0011071133753284,True,True
COMPLETED,0.7299999999999999,1.0,2713,3476,3.445631787471473,0.0312932730740867,False,False
COMPLETED,0.7299999999999999,1.0,4034,498,5.028129121252336,0.02461744087236,False,False
COMPLETED,0.7399999999999999,4123.0,2398,4463,0.5051705907145515,0.0439758472330868,True,True
COMPLETED,0.75,2652.0,2108,1897,5.933491198090837,0.0264231854868121,False,True
COMPLETED,0.7399999999999999,10.0,4359,3048,1.0846381219383328,0.0056146041899919,True,False
COMPLETED,0.7299999999999999,42.0,3041,1029,7.6265189480735,0.0487492516292259,True,False
COMPLETED,0.7399999999999999,4584.0,928,3938,3.102340134474449,0.0202066317736171,False,True
COMPLETED,0.75,127.0,349,281,1.8934136863145976,0.0170738791646435,False,True
COMPLETED,0.7299999999999999,16.0,3225,4752,7.351069855647162,0.03952678502677,True,False
COMPLETED,0.7299999999999999,33.0,4406,1795,3.933076547547244,0.0086561514497734,True,False
COMPLETED,0.7399999999999999,2206.0,1666,3259,9.100234723857604,0.0357493222672492,False,True
COMPLETED,0.7299999999999999,17.0,1744,1611,0.8667569817779585,0.0232688903138041,True,False
COMPLETED,0.75,3023.0,4639,3428,6.034182309190744,0.0456764659550972,False,True
COMPLETED,0.75,89.0,3303,155,2.615931106409058,0.0025003207190893,False,True
COMPLETED,0.7299999999999999,17.0,584,4902,8.07385502283089,0.029548184919171,True,False
COMPLETED,0.7299999999999999,43.0,693,1197,6.942773824549281,0.0326757901343516,True,False
COMPLETED,0.7399999999999999,3421.0,2964,3756,2.418861566065811,0.0117191564487293,False,True
COMPLETED,0.7399999999999999,1457.0,4124,2045,8.960466617913918,0.0426510143969208,False,True
COMPLETED,0.7299999999999999,21.0,2029,2924,4.111879500890152,0.0139603657559491,True,False
COMPLETED,0.7299999999999999,1.0,2319,331,9.461213245590216,0.0073325143214315,False,False
COMPLETED,0.75,3129.0,3798,4646,4.938521866154858,0.0374733674027957,True,True
COMPLETED,0.75,1023.0,2636,1355,6.520761230755598,0.0184436836983077,True,True
COMPLETED,0.7299999999999999,1.0,980,3600,1.6685132645480332,0.0377567598382011,False,False
COMPLETED,0.7299999999999999,1.0,245,2494,3.3461428749570623,0.0470902517638169,False,False
COMPLETED,0.7399999999999999,2474.0,3600,2551,8.51478848543111,0.0214926036214455,True,True
COMPLETED,0.75,716.0,4939,823,0.0590365282967686,0.028231076400727,True,True
COMPLETED,0.7299999999999999,1.0,1408,4200,5.513297807574273,0.0041799315963871,False,False
COMPLETED,0.7299999999999999,27.0,1502,2252,7.672605763232336,0.0133428647466935,True,False
COMPLETED,0.7399999999999999,2893.0,4847,2780,2.8212723388355228,0.0434330763723701,False,True
COMPLETED,0.7399999999999999,1869.0,3687,760,5.65246234646719,0.0124778023371472,False,True
COMPLETED,0.7299999999999999,16.0,166,4295,1.1306861048294228,0.0317403080160729,True,False
COMPLETED,0.7299999999999999,80.0,1072,549,3.9059279779363423,0.028691978639923,True,False
COMPLETED,0.7399999999999999,3483.0,2542,4396,9.361105586985124,0.0031464586011134,False,True
COMPLETED,0.7399999999999999,1476.0,3878,1438,2.154322152487002,0.0465831813816912,False,True
COMPLETED,0.7299999999999999,23.0,2232,3528,7.3238834967454896,0.0225841408930718,True,False
COMPLETED,0.7299999999999999,1.0,1936,976,1.2690948765315115,0.0045601730463095,False,False
COMPLETED,0.7399999999999999,4460.0,4216,4003,6.725492172654719,0.0269156674221158,True,True
COMPLETED,0.75,2402.0,2877,1964,4.558632775013336,0.0212671026317402,True,True
COMPLETED,0.7299999999999999,1.0,773,2998,9.724532078114338,0.048262814940419,False,False
COMPLETED,0.7299999999999999,1.0,492,1850,5.309177156202496,0.0390464115636423,False,False
COMPLETED,0.7399999999999999,2565.0,3398,3197,0.4590652068406343,0.0181403717580251,True,True
COMPLETED,0.75,139.0,4560,221,8.252079943434335,0.0362236504838801,True,True
COMPLETED,0.7299999999999999,1.0,1830,4809,3.726642256625928,0.0075836191419512,False,False
COMPLETED,0.75,56.0,1597,52,6.318440599334427,0.045202146589756,True,True
COMPLETED,0.7299999999999999,1.0,4482,4993,1.7933460519509388,0.0243414137703366,False,False
COMPLETED,0.7299999999999999,1.0,3162,1701,9.586008355449884,0.0300285436301492,False,False
COMPLETED,0.7299999999999999,13592.0,414,3322,4.736238949526102,0.0014338428778573,True,True
COMPLETED,0.7399999999999999,2021.0,850,2146,0.2424189886683598,0.0106586944418959,True,True
COMPLETED,0.7299999999999999,1.0,3111,2830,5.408662027181127,0.0331622179718688,False,False
COMPLETED,0.7299999999999999,1.0,4295,1100,3.2414680760502814,0.015014782147482,False,False
COMPLETED,0.7399999999999999,3119.0,2171,3854,8.698209703572095,0.0421585472137667,True,True
COMPLETED,0.7399999999999999,1066.0,2467,1256,2.720586647490971,0.0348660185020416,False,True
COMPLETED,0.7299999999999999,19.0,3956,3696,7.890491131174378,0.0093658290528692,True,False
COMPLETED,0.7299999999999999,20.0,2775,425,0.6833553380798549,0.0403580631236545,True,False
COMPLETED,0.7399999999999999,5960.0,1150,4545,6.138875490566717,0.016404329621233,False,True
COMPLETED,0.75,857.0,87,929,8.83565225022938,0.0194713975465856,False,True
COMPLETED,0.7299999999999999,15.0,3452,4111,4.314219744003378,0.0497096619298681,True,False
COMPLETED,0.7299999999999999,25.0,4770,2402,7.14507527264394,0.006207177016884,True,False
COMPLETED,0.7399999999999999,4197.0,1268,2655,2.294086179645732,0.0256177118499763,False,True
COMPLETED,0.7399999999999999,1690.0,1295,1475,7.467811050741002,0.0097331697479821,False,True
COMPLETED,0.7299999999999999,22.0,4815,3565,2.0109941798802464,0.0352341145072132,True,False
COMPLETED,0.7299999999999999,71.0,3479,605,9.216984337265604,0.0160360455261543,True,False
COMPLETED,0.7399999999999999,4122.0,135,4452,4.0506654594270515,0.0399905343386344,False,True
COMPLETED,0.7399999999999999,689.0,1104,708,0.9669658463988454,0.0493037532148882,False,True
COMPLETED,0.7299999999999999,15.0,2749,4244,5.8168107936549935,0.0190662441416643,True,False
COMPLETED,0.7299999999999999,31.0,3910,2220,2.9846570566734294,0.0260230533448047,True,False
COMPLETED,0.7399999999999999,3150.0,2440,2749,7.5098277413761245,0.0066132738217711,False,True
COMPLETED,0.75,104.0,2143,194,3.56351377588138,0.0239604782317765,True,True
COMPLETED,0.7299999999999999,1.0,4248,4782,8.41458019817248,0.0448204557411372,False,False
COMPLETED,0.7299999999999999,1.0,3085,1804,0.6230632323892787,0.0018157232915982,False,False
COMPLETED,0.75,3460.0,805,3150,5.144572471921332,0.0304096687338314,True,True
COMPLETED,0.75,1950.0,460,2005,9.869081209138034,0.0335545303681865,True,True
COMPLETED,0.7299999999999999,1.0,3190,3039,4.413484025351703,0.011050251528155,False,False
COMPLETED,0.7299999999999999,1.0,4528,998,6.581975886830129,0.0417668005623854,False,False
COMPLETED,0.7399999999999999,2937.0,1623,4024,1.4119949678340926,0.0146222801860421,True,True
COMPLETED,0.7299999999999999,1.0,1858,1146,8.554348341365344,0.0272839994616806,False,False
COMPLETED,0.7399999999999999,3863.0,4607,3901,3.3847108597876505,0.0049277497758157,True,True
COMPLETED,0.7399999999999999,2071.0,3424,2173,5.552868465770037,0.0478954277760349,True,True
COMPLETED,0.7299999999999999,1.0,538,2857,0.0976153153888881,0.0208989601572975,False,False
COMPLETED,0.7299999999999999,1.0,726,1679,4.899893090666272,0.0177350767324678,False,False
COMPLETED,0.7399999999999999,2353.0,2850,3300,9.421745171629825,0.0386403612280264,True,True
COMPLETED,0.7399999999999999,123.0,4170,10,1.6298760707452893,0.0079894799124449,True,True
COMPLETED,0.7299999999999999,1.0,1909,4952,6.481284738481046,0.0366287559443153,False,False
COMPLETED,0.7299999999999999,22.0,2206,2346,2.457128205048852,0.043051149489358,True,False
COMPLETED,0.7399999999999999,2700.0,3832,2599,6.982642327169889,0.01296169317374,False,True
COMPLETED,0.75,721.0,2514,892,4.15015440919064,0.0321212914991192,False,True
COMPLETED,0.7299999999999999,15.0,1025,4074,9.000343389851972,0.0128595411302521,True,False
COMPLETED,0.7299999999999999,143.0,212,457,5.994412740386092,0.0035381573080085,True,False
COMPLETED,0.75,4406.0,3713,4576,0.8284367039790377,0.0290844326568767,False,True
COMPLETED,0.7399999999999999,1646.0,4894,1307,8.034074800761417,0.0221918749660253,False,True
COMPLETED,0.7299999999999999,21.0,1530,3747,2.5776001753453164,0.0461916707647033,True,False
COMPLETED,0.7399999999999999,1.0,1460,540,0.3426255810894072,0.0370801108689047,False,False
COMPLETED,0.75,4372.0,4971,4505,5.191287941452116,0.0069385024774819,True,True
COMPLETED,0.75,1161.0,3651,1525,3.6101918286131696,0.0381505835922434,True,True
COMPLETED,0.7299999999999999,1.0,277,3498,8.134179926422425,0.0188367521422915,False,False
COMPLETED,0.7299999999999999,1.0,948,2283,6.84347555332631,0.0218729726774618,False,False
FAILED,,,2584,2693,1.385476095572114,0.0474698655097745,True,True
COMPLETED,0.7399999999999999,517.0,3768,651,9.842523877100088,0.0038005059403367,True,True
COMPLETED,0.7299999999999999,1.0,2268,4303,4.675022412368097,0.0278508954346179,False,False
COMPLETED,0.7299999999999999,34.0,1979,1744,9.24352278397046,0.0460802975674159,True,False
ABANDONED,,,4093,3208,3.789184175400064,0.0236734772361814,False,True
COMPLETED,0.7399999999999999,160.0,2912,249,7.206292424413376,0.0291437875619158,False,True
COMPLETED,0.7299999999999999,16.0,661,4720,2.0375700806332753,0.0020966786718927,True,False
COMPLETED,0.7299999999999999,45.0,615,1065,2.9379601186085487,0.0113493609959259,True,False
COMPLETED,0.7399999999999999,3270.0,3354,3975,7.7902851161155855,0.0323067499916069,False,True
ABANDONED,,,4672,1953,1.2473845378672703,0.0143292163335718,False,True
ABANDONED,,,1796,3104,5.77015235261526,0.043020620284602,True,False
ABANDONED,,,1717,2077,4.274358318726533,0.0052208283804357,False,True
COMPLETED,0.7299999999999999,22.0,4437,2956,8.797392986583521,0.0260301649873144,True,False
COMPLETED,0.7299999999999999,34.0,3276,1248,2.2542163360547276,0.0205998418382369,True,False
ABANDONED,,,381,3806,7.106807590683922,0.0491432170039042,False,True
ABANDONED,,,896,100,7.92880880153086,0.0399062571520917,False,True
ABANDONED,,,2991,4845,2.7603539068466048,0.0174541066000238,True,False
ABANDONED,,,4327,1575,6.17720396318473,0.0353689052667468,True,False
ABANDONED,,,2056,3391,0.7231333996970207,0.0082764897593297,False,True
COMPLETED,0.7399999999999999,681.0,2346,800,5.370096202802845,0.0157744522038847,True,True
COMPLETED,0.7299999999999999,1.0,4001,4178,0.2028615911798551,0.0412233162508346,False,False
COMPLETED,0.7299999999999999,1.0,2662,2452,8.659633225928992,0.0100528273466043,False,False
COMPLETED,0.75,3505.0,1183,2510,3.201900025296956,0.0339551644520834,True,True
COMPLETED,0.7399999999999999,1255.0,43,1401,1.83280689957086,0.0309243745519779,True,True
COMPLETED,0.7299999999999999,1.0,3573,3646,6.357062446475961,0.000737459543161,False,False
COMPLETED,0.7299999999999999,1.0,4736,357,4.775708066463471,0.0443456891551613,False,False
COMPLETED,0.75,3208.0,1381,4673,9.624638471908865,0.0249865274843759,True,True
COMPLETED,0.7299999999999999,123.0,1370,370,5.159203557803296,0.027907161285635,True,False
COMPLETED,0.75,6846.0,4744,4687,0.3252644564127549,0.0039557291185483,False,True
COMPLETED,0.7399999999999999,1567.0,3560,1397,8.155801165053619,0.0473206972591578,False,True
COMPLETED,0.7299999999999999,21.0,50,3643,3.6172423809040337,0.0218227383350022,True,False
COMPLETED,0.7299999999999999,23.0,1175,2455,1.387639574374072,0.0186966350730508,True,False
FAILED,,,2674,2514,6.869974366906099,0.0381033815541304,False,True
COMPLETED,0.7399999999999999,1033.0,3995,786,4.662538825390861,0.0069796731914393,False,True
COMPLETED,0.7299999999999999,16.0,2359,4165,9.805552382713184,0.0372141728261485,True,False
COMPLETED,0.7299999999999999,1.0,2069,1570,3.7529017349267377,0.0428767392965965,False,False
COMPLETED,0.75,3218.0,4320,3385,9.231575678274966,0.0142857796894386,True,True
COMPLETED,0.75,69.0,3002,116,2.0647577618807555,0.0323441329989582,True,True
COMPLETED,0.7299999999999999,1.0,889,4860,7.208992198251187,0.0114872121349908,False,False
COMPLETED,0.7299999999999999,1.0,388,1233,7.79786246490199,0.0021552214249968,False,False
COMPLETED,0.7399999999999999,4110.0,3264,3790,2.960260726367124,0.0292967323628254,True,True
COMPLETED,0.7399999999999999,2130.0,4445,2083,5.753318136181682,0.0235265624686144,True,True
COMPLETED,0.7299999999999999,1.0,1705,2961,1.2159796350933612,0.0460278082666918,False,False
COMPLETED,0.75,1748.0,1783,1938,8.819636360980569,0.0084226374151185,True,True
COMPLETED,0.7299999999999999,1.0,4678,3091,4.282031006783248,0.0354221616792492,False,False
COMPLETED,0.7299999999999999,1.0,3342,1068,7.075345491797664,0.0173948203385807,False,False
COMPLETED,0.7399999999999999,3242.0,623,3979,2.2374774961406367,0.039754055859521,True,True
COMPLETED,0.75,379.0,654,244,2.7485021404214205,0.0491050668847747,True,True
COMPLETED,0.7299999999999999,1.0,2925,4717,7.892469127696008,0.0204627578109502,False,False
COMPLETED,0.7299999999999999,1.0,4085,1757,0.7259285500543192,0.0261733024669811,False,False
COMPLETED,0.7399999999999999,2461.0,1990,3222,6.204334448319861,0.0052650085329078,True,True
COMPLETED,0.75,417.0,2280,658,0.229455744029954,0.0249461238821968,False,True
COMPLETED,0.7299999999999999,17.0,3759,4309,5.372202448243276,0.0442108600861392,True,False
COMPLETED,0.7299999999999999,27.0,2596,2268,3.1650239074295388,0.0008783201207406,True,False
COMPLETED,0.7399999999999999,2637.0,941,2677,8.647092442839407,0.030970833081752,False,True
COMPLETED,0.7399999999999999,1758.0,284,1541,6.3396440884377805,0.0341050998144783,False,True
COMPLETED,0.7299999999999999,22.0,3639,3513,1.8008178551923484,0.0101022945772856,True,False
COMPLETED,0.7299999999999999,80.0,4978,535,9.631631828087382,0.0411677939081564,True,False
COMPLETED,0.75,2850.0,1447,4498,4.797424681614154,0.0156184855173341,False,True
COMPLETED,0.7399999999999999,1408.0,1542,1291,2.013179114208557,0.0065569969988428,True,True
COMPLETED,0.7299999999999999,1.0,4886,3732,7.494331319847146,0.0258678426137194,False,False
COMPLETED,0.7299999999999999,1.0,3726,462,4.038203327976167,0.0192154248394072,False,False
COMPLETED,0.75,3203.0,205,4583,9.180034298405051,0.0493539765854366,True,True
COMPLETED,0.75,644.0,1033,885,5.7847383297430355,0.040130638776347,True,True
COMPLETED,0.7299999999999999,1.0,2503,4069,0.9496166414590552,0.0160832587205804,False,False
COMPLETED,0.7299999999999999,1.0,3839,2361,7.531460899744182,0.0351929549495689,False,False
COMPLETED,0.7399999999999999,2654.0,2193,2615,2.9917195287011564,0.0095990951592102,True,True
COMPLETED,0.7399999999999999,76.0,1897,14,8.422183770379982,0.0147661738055758,False,True
COMPLETED,0.7299999999999999,17.0,4177,4954,3.585840607061051,0.0418102260502055,True,False
COMPLETED,0.7299999999999999,30.0,2838,1666,5.127764478908852,0.0110128573644906,True,False
COMPLETED,0.7399999999999999,3304.0,734,3286,0.5916845530364662,0.0334166918606497,False,True
COMPLETED,0.7399999999999999,1850.0,531,2187,4.377218272509984,0.0303511369526386,False,True
COMPLETED,0.7299999999999999,21.0,3437,2870,9.857150791074147,0.0016627660435624,True,False
COMPLETED,0.7299999999999999,20.0,4599,1143,1.43919933671318,0.0449673580615781,True,False
COMPLETED,0.7399999999999999,3272.0,1869,3896,6.584692348299549,0.0240129785044118,False,True
COMPLETED,0.7299999999999999,41.0,1636,1014,3.372837637836114,0.0364825971322134,True,False
COMPLETED,0.7399999999999999,5047.0,4521,4041,8.51798721200414,0.0079362361314706,False,True
COMPLETED,0.75,1478.0,3201,1999,0.1003890102198347,0.0386996601209975,False,True
COMPLETED,0.7299999999999999,21.0,453,3034,5.579977495378816,0.0178872668687254,True,False
COMPLETED,0.7299999999999999,36.0,811,1809,9.443976626290008,0.0209370978293009,True,False
COMPLETED,0.7399999999999999,2556.0,3072,3157,4.907553858986125,0.0480325227752327,False,True
COMPLETED,0.75,101.0,4256,178,6.449810719857925,0.0047846232680603,False,True
COMPLETED,0.7299999999999999,18.0,2132,4767,1.6131253110943362,0.0272398068620823,True,False
COMPLETED,0.7299999999999999,1.0,2428,2217,6.965197745710612,0.0462320868140086,False,False
COMPLETED,0.7399999999999999,3153.0,3917,2744,2.4251129372492435,0.0223266930631361,True,True
COMPLETED,0.7399999999999999,1355.0,2736,722,9.007310522609393,0.0289435611073859,True,True
COMPLETED,0.7299999999999999,1.0,1111,4256,4.171844800920225,0.0034917112253606,False,False
COMPLETED,0.7099999999999999,1.0,126,592,0.8550141691975295,0.0127096169241704,False,False
COMPLETED,0.7399999999999999,3100.0,3491,4438,5.996502298194915,0.0320718116369098,True,True
COMPLETED,0.7399999999999999,2505.0,4809,1479,2.540707369846292,0.0130172028848901,True,True
COMPLETED,0.7299999999999999,1.0,1308,3568,8.021517330040224,0.0432071273322217,False,False
COMPLETED,0.7299999999999999,1.0,1256,2388,2.843522958197631,0.0227302879034541,False,False
COMPLETED,0.7399999999999999,2348.0,4776,2643,7.680285696254112,0.0466364369643852,True,True
COMPLETED,0.7399999999999999,1181.0,3440,932,1.099231064662337,0.0030871715098619,True,True
COMPLETED,0.7299999999999999,1.0,95,4116,5.635730565272272,0.0285397767019458,False,False
COMPLETED,0.7299999999999999,1.0,1143,420,9.349251380738803,0.0317021585423499,False,False
COMPLETED,0.7399999999999999,3582.0,2789,4542,3.869585864280351,0.012340719139669,True,True
COMPLETED,0.7399999999999999,1059.0,3949,1269,7.326676319029183,0.0435762146818451,True,True
COMPLETED,0.7299999999999999,1.0,2479,3710,2.181450309548527,0.0133870455445721,False,False
COMPLETED,0.7299999999999999,40.0,2182,1107,6.752088653578424,0.0075432148943655,True,False
COMPLETED,0.7399999999999999,2729.0,4287,3860,1.2712034500455482,0.0360888205850496,False,True
COMPLETED,0.7399999999999999,2334.0,3124,2131,9.687658400068061,0.0182812315057963,False,True
COMPLETED,0.7299999999999999,27.0,844,2814,4.546094431744889,0.0390928694480098,True,False
COMPLETED,0.7299999999999999,7.0,421,1717,0.4416397900832817,0.0484127509482204,True,False
COMPLETED,0.7399999999999999,2720.0,3151,3337,5.27718105310481,0.02131657069223,False,True
COMPLETED,0.75,69.0,4489,47,3.7336283678393807,0.026860145909246,False,True
COMPLETED,0.7299999999999999,18.0,1584,4986,8.273789313619956,0.0044042070051655,True,False
COMPLETED,0.75,104.0,1819,234,1.761254572333768,0.0422148122349753,False,True
COMPLETED,0.7299999999999999,18.0,4568,4824,6.301072378689424,0.015170004680287,True,False
COMPLETED,0.7299999999999999,26.0,3384,1846,4.757852980441414,0.0330130490758456,True,False
COMPLETED,0.7399999999999999,2958.0,499,3194,9.593051700024864,0.0106084592696279,False,True
FAILED,,,765,1967,5.410827796807514,0.0012937266384251,False,True
COMPLETED,0.7399999999999999,11.0,2889,3003,0.2689200930725783,0.0299813422374427,True,False
COMPLETED,0.7299999999999999,50.0,4209,962,8.685728593665177,0.0243825851297006,True,False
COMPLETED,0.7399999999999999,2947.0,1948,3990,3.204499058733694,0.0453362093768082,False,True
COMPLETED,0.7399999999999999,2009.0,2245,1433,7.854206213630736,0.0254738300321623,True,True
COMPLETED,0.7299999999999999,1.0,3871,3522,2.7086370647251607,0.0061637397273443,False,False
COMPLETED,0.7299999999999999,1.0,2553,565,6.166060880989768,0.0497470442918129,False,False
COMPLETED,0.7399999999999999,3069.0,1064,4411,0.686052821093239,0.0196092478558421,True,True
COMPLETED,0.7399999999999999,1574.0,173,745,4.3218043005056686,0.0164628732041455,True,True
COMPLETED,0.7299999999999999,1.0,3674,4278,8.857960065703839,0.0405110085699707,False,False
COMPLETED,0.7299999999999999,1.0,4855,2259,2.2772590591805058,0.0092189149307087,False,False
COMPLETED,0.7399999999999999,3038.0,1491,2786,7.113677465838381,0.0348135300311259,True,True
COMPLETED,0.75,806.0,1421,838,9.9735893738484,0.0438296877755783,False,True
COMPLETED,0.7299999999999999,18.0,4932,4217,4.495106146289968,0.0245641962615773,True,False
COMPLETED,0.7299999999999999,23.0,3612,2487,6.701139349387959,0.0313525711372494,True,False
ABANDONED,,,238,2546,1.5570956288073212,0.0012593028661794,False,True
COMPLETED,0.75,1005.0,987,1360,3.4678561834124846,0.0104947493318468,False,True
COMPLETED,0.7299999999999999,19.0,2623,3606,8.305801210368982,0.0344967992589809,True,False
COMPLETED,0.7299999999999999,4.0,3807,315,0.4736893271263689,0.0152269756379537,True,False
COMPLETED,0.75,5400.0,2307,4630,5.0113711166363215,0.0407755287187173,False,True
COMPLETED,0.7399999999999999,1524.0,2018,2042,1.067200785444118,0.035789737671148,True,True
COMPLETED,0.7299999999999999,1.0,4132,2920,5.901483175256289,0.0087909687170758,False,False
COMPLETED,0.7299999999999999,1.0,2951,1211,3.10931432595104,0.0393859126474708,False,False
COMPLETED,0.7399999999999999,3027.0,701,3768,7.6482163985222575,0.0170274324365891,True,True
COMPLETED,0.75,103.0,576,143,7.377644881044515,0.0200567082129418,True,True
COMPLETED,0.7299999999999999,7.0,3315,4888,1.8955008043022823,0.0486997725968249,False,False
COMPLETED,0.7299999999999999,1.0,4633,1616,9.063339590284972,0.0056701147309504,False,False
COMPLETED,0.75,2786.0,1757,3432,3.9205167487524446,0.0265791639750823,True,True
COMPLETED,0.7299999999999999,1.0,1678,1779,6.036364766448737,0.0139040881032124,False,False
COMPLETED,0.7399999999999999,2226.0,4398,3244,0.8932747738137841,0.0424958030204288,True,True
COMPLETED,0.7399999999999999,130.0,3237,286,8.061390600555576,0.0118683365010656,True,True
COMPLETED,0.7299999999999999,1.0,342,4758,2.5789787767240777,0.0327260126750916,False,False
COMPLETED,0.7299999999999999,1.0,935,1022,2.3867963098697365,0.029688290186692,False,False
COMPLETED,0.7399999999999999,2772.0,3030,3932,6.925431827325375,0.002547534558922,True,True
COMPLETED,0.75,2557.0,4366,1912,4.13351975522656,0.0456353070428595,True,True
COMPLETED,0.7299999999999999,1.0,2095,3065,8.967536185909994,0.0231348165548406,False,False
COMPLETED,0.7299999999999999,117.0,2385,503,4.946118342394009,0.0043238243861123,True,False
COMPLETED,0.7399999999999999,4145.0,4040,4467,9.483532980801538,0.0282745012431405,False,True
COMPLETED,0.75,1399.0,2701,1490,1.6516980638196692,0.0214552088123746,False,True
COMPLETED,0.7299999999999999,22.0,1222,3462,6.489375343686902,0.0469524124264717,True,False
COMPLETED,0.7299999999999999,25.0,4,2324,8.478525023413821,0.0376982288868166,True,False
COMPLETED,0.7399999999999999,2036.0,3534,2733,3.334214747717604,0.0182907270956784,False,True
COMPLETED,0.75,595.0,4697,694,5.540504653523676,0.0376202703686431,False,True
COMPLETED,0.7299999999999999,18.0,1342,4346,0.0617554668365046,0.0073850154238753,True,False
COMPLETED,0.75,1204.0,1354,1647,8.713240305509418,0.0325642026159912,False,True
COMPLETED,0.7299999999999999,17.0,4718,3305,3.255583689186722,0.011655513508711,True,False
COMPLETED,0.7299999999999999,1162.0,3537,34,5.462904018995353,0.0427089749011211,True,False
COMPLETED,0.75,4076.0,36,4935,0.2957453956948593,0.0140655507491901,False,True
COMPLETED,0.7399999999999999,1253.0,1240,1163,4.712206413313746,0.0234053912623785,False,True
COMPLETED,0.7299999999999999,22.0,2729,3877,9.561060234449805,0.0457635353086516,True,False
COMPLETED,0.7299999999999999,26.0,4047,2168,1.7304072711253535,0.0024189574047923,True,False
COMPLETED,0.7399999999999999,3235.0,2421,2889,6.254586829707958,0.0294180628922767,False,True
COMPLETED,0.75,189.0,2085,442,2.3080486986618487,0.0475402239970862,True,True
COMPLETED,0.7299999999999999,1.0,4346,4603,7.160563964968548,0.021991299346555,False,False
COMPLETED,0.7299999999999999,1.0,3026,1310,4.367088656629436,0.0277380514941178,False,False
COMPLETED,0.7399999999999999,3172.0,901,3713,8.890046740177086,0.003736373505555,True,True
COMPLETED,0.75,1884.0,323,2380,6.113775020429864,0.0068576286579482,True,True
COMPLETED,0.7299999999999999,1.0,3209,2596,0.6597804452646524,0.0369512452641502,False,False
COMPLETED,0.7299999999999999,1.0,4392,866,7.826179122163915,0.0189601114150136,False,False
COMPLETED,0.7399999999999999,2837.0,1643,4089,2.657800811788998,0.0382252549626864,True,True
ABANDONED,,,1721,742,7.299088320869022,0.0006140884687192,False,False
ABANDONED,,,4626,4237,2.130441965411417,0.0308497149832546,True,True
ABANDONED,,,3288,2198,9.297098872235043,0.0250674131056293,True,True
ABANDONED,,,558,2764,3.842836847973988,0.0444745429581962,False,False
ABANDONED,,,668,1460,1.1449539181059225,0.0413361483896151,False,False
ABANDONED,,,2948,3587,5.667645744531416,0.015838596440386,True,True
ABANDONED,,,4111,612,2.874446545721963,0.0338848177664913,True,True
ABANDONED,,,2007,4419,7.726694958919661,0.0099344888757914,False,False
ABANDONED,,,2342,2018,3.702915014673956,0.0171318396688438,True,False
ABANDONED,,,3812,3015,8.22682652817387,0.039631970020011,False,True
ABANDONED,,,2652,994,0.3964317202754318,0.0085445639314129,False,True
ABANDONED,,,1006,4061,5.245018092315645,0.0356856793272309,True,False
ABANDONED,,,271,158,9.739867974312045,0.026341822172515,True,False
ABANDONED,,,3616,4787,4.572443093889394,0.0054844821630977,False,True
ABANDONED,,,4952,1829,6.780039458729328,0.0488857525778003,False,True
ABANDONED,,,1432,3138,1.3221159892976284,0.0202937011271715,True,False
ABANDONED,,,1518,96,4.086631300514565,0.0111811823416501,False,False
ABANDONED,,,4873,4880,8.936743696866557,0.0336367378742434,True,True
ABANDONED,,,3710,1589,2.3547071210769936,0.0145459212618879,True,True
ABANDONED,,,180,3366,6.880145254875534,0.0416424852581694,False,False
ABANDONED,,,1085,2103,8.08766042481549,0.0447030615000985,False,False
ABANDONED,,,2565,2942,2.6312623837087306,0.0238918309016153,True,True
ABANDONED,,,3903,1213,6.087199101052248,0.0304724910855293,True,True
ABANDONED,,,2248,3810,0.92129905296769,0.0019264784199185,False,False
ABANDONED,,,1920,1377,5.489422835383565,0.0193839622475206,True,False
ABANDONED,,,4190,3662,0.0342456733249127,0.0495735269268043,False,True
ABANDONED,,,2854,390,8.45170197436679,0.0063376649892888,False,True
ABANDONED,,,759,4667,3.2821410770984367,0.0256987092187628,True,False
ABANDONED,,,479,806,1.6836917457208038,0.0349300509910099,True,False
ABANDONED,,,3374,4146,6.535024425134064,0.0094770270222798,False,True
ABANDONED,,,4534,2436,4.9926067409375685,0.0402524885814636,False,True
ABANDONED,,,1815,2534,9.514382237591779,0.0163467586659826,True,False
ABANDONED,,,1581,2287,0.520654068154283,0.0288224666123278,False,True
ABANDONED,,,4457,2658,5.042087319363841,0.0032274559698998,True,False
ABANDONED,,,3139,638,3.5000216585211454,0.0464957460826262,True,False
ABANDONED,,,400,4329,8.351011496502906,0.022448005890008,False,True
ABANDONED,,,837,515,6.674793238812128,0.0132372902045026,False,True
ABANDONED,,,3088,4518,1.5048883081385867,0.0433755054171197,True,False
ABANDONED,,,4269,1561,9.922678752928974,0.0125418348261155,True,False
ABANDONED,,,2155,3494,4.46715815345198,0.0318515059854835,False,True
ABANDONED,,,2483,1088,9.114345122109167,0.0385775506780482,True,True
ABANDONED,,,3982,3959,3.9481028285799544,0.0176243098024278,False,False
ABANDONED,,,2799,1919,7.404391643775629,0.0367461383836343,False,False
ABANDONED,,,1163,3111,1.947650761237368,0.0080581390443257,True,True
ABANDONED,,,101,1737,3.0773969303658233,0.0050041205016896,True,True
ABANDONED,,,3475,3241,7.602491030759178,0.0274083029641769,False,False
ABANDONED,,,4795,264,1.020788673216477,0.0207680175420828,False,False
ABANDONED,,,1284,4697,5.8705576321501285,0.0478132320716977,True,True
ABANDONED,,,1310,1191,0.7761545124631376,0.018015866888687,True,True
ABANDONED,,,4841,3787,6.2317512492593385,0.038969863074366,False,False
COMPLETED,0.7299999999999999,33.0,1557,1352,9.463863347649575,0.0313271657228469,True,False
COMPLETED,0.75,2590.0,4448,3524,4.507071466833354,0.0106517102671787,False,True
COMPLETED,0.75,197.0,3112,534,6.172722766048276,0.0431941876225173,False,True
COMPLETED,0.7299999999999999,18.0,1004,4571,1.2156278259223328,0.0235346705727279,True,False
COMPLETED,0.7299999999999999,49.0,371,863,2.604563709666021,0.0171988384001888,True,False
COMPLETED,0.7399999999999999,3053.0,3729,4324,7.64482980572153,0.0495536541217006,False,True
COMPLETED,0.75,1785.0,3791,2237,1.8339130045901983,0.0047509652706794,False,True
COMPLETED,0.7299999999999999,25.0,2149,2564,6.873876339329407,0.0372515086266212,True,False
COMPLETED,0.7299999999999999,1.0,2417,107,2.366676930146292,0.0467659807992167,False,False
COMPLETED,0.75,3451.0,4213,4769,7.40423843790777,0.0137782152486033,True,True
COMPLETED,0.75,1778.0,3347,1779,3.1580773641550914,0.0339321221015416,True,True
COMPLETED,0.7299999999999999,1.0,143,3326,8.195941633232867,0.0018621054789982,False,False
COMPLETED,0.7299999999999999,1.0,760,2117,5.488606864209287,0.0079376800442114,False,False
COMPLETED,0.7399999999999999,2350.0,2714,3070,0.5241491026235745,0.0278804855728521,True,True
COMPLETED,0.75,771.0,4805,982,8.75899801487103,0.0201922474596649,True,True
COMPLETED,0.7299999999999999,1.0,1760,3819,3.7948430146016174,0.0403759496901184,False,False
COMPLETED,0.7399999999999999,978.0,1608,1214,7.132595317461528,0.0057017786526121,True,True
COMPLETED,0.7299999999999999,1.0,4969,4050,2.1708469120645897,0.0347332301163114,False,False
COMPLETED,0.7299999999999999,1.0,2552,1885,8.548008410261945,0.0177622240069322,False,False
COMPLETED,0.7399999999999999,2110.0,913,2837,3.5859524756539614,0.0474228015425615,True,True
COMPLETED,0.75,1246.0,295,1704,0.2536802066303789,0.0414616322023794,True,True
COMPLETED,0.7299999999999999,1.0,3184,3251,5.289142648730428,0.0237469913465902,False,False
COMPLETED,0.7299999999999999,1.0,4375,183,4.150543989027851,0.0284336514435708,False,False
COMPLETED,0.75,3832.0,2264,4845,9.185698901916854,0.0120249888859689,True,True
COMPLETED,0.75,1947.0,1999,2469,4.697954812741839,0.0211511907512322,False,True
COMPLETED,0.7299999999999999,21.0,3951,2795,9.740472547090611,0.0378431417876854,True,False
COMPLETED,0.7299999999999999,31.0,3570,630,0.7827821655273438,0.0085107091311365,True,False
COMPLETED,0.7399999999999999,3159.0,522,4092,5.825607429087162,0.0257335959319025,False,True
COMPLETED,0.75,204.0,1153,459,7.8394808128308515,0.0322080506426282,False,True
COMPLETED,0.7299999999999999,19.0,2952,4496,2.8798267052005975,0.0020602509123273,True,False
COMPLETED,0.7299999999999999,36.0,4607,1428,6.442376584847459,0.0438824632219038,True,False
COMPLETED,0.75,2511.0,1406,3600,1.4830300064282491,0.015135810857173,False,True
COMPLETED,0.7399999999999999,285.0,1292,576,3.4130662934435527,0.0123759073959663,True,True
COMPLETED,0.7299999999999999,1.0,4653,4613,8.369376914883963,0.0296055919872596,False,False
COMPLETED,0.7299999999999999,1.0,2867,1311,2.310114929173141,0.0250171456169337,False,False
COMPLETED,0.75,2556.0,1228,3483,7.266728311929853,0.0417143838237971,True,True
COMPLETED,0.75,1852.0,615,2273,9.051284732030703,0.047747862115968,True,True
COMPLETED,0.7299999999999999,1.0,3505,2600,4.0115383365023884,0.0190080075417645,False,False
COMPLETED,0.7299999999999999,1.0,4055,826,5.4669014889979755,0.036074206137564,False,False
COMPLETED,0.7399999999999999,3061.0,1945,4287,0.4274578547859564,0.0059316935776732,True,True
COMPLETED,0.7399999999999999,1495.0,2309,1821,5.998446248968133,0.0154374807910062,False,True
COMPLETED,0.7299999999999999,18.0,4261,3369,0.9614807280497624,0.0451033454970456,True,False
COMPLETED,0.7299999999999999,539.0,3259,66,9.601138058824464,0.0033762784670107,True,False
COMPLETED,0.75,3048.0,211,4728,4.563869776589796,0.0324145277212373,False,True
COMPLETED,0.75,994.0,849,1019,1.617453395485878,0.0261094629084691,False,True
COMPLETED,0.7299999999999999,19.0,2647,3855,6.58135331338644,0.0097060875212773,True,False
COMPLETED,0.7299999999999999,25.0,4913,2080,2.702096192932688,0.0391366866976022,True,False
COMPLETED,0.7399999999999999,2330.0,1712,3032,7.665693349516951,0.0214288436323404,False,True
COMPLETED,0.7299999999999999,11.0,1871,2000,0.7644396460782737,0.036247424126137,True,False
COMPLETED,0.75,2269.0,4763,2952,5.725553921474145,0.004184205294121,False,True
COMPLETED,0.7399999999999999,1029.0,2796,1100,4.992994095136412,0.0490820394246839,False,True
COMPLETED,0.7299999999999999,20.0,688,3936,9.954415899743326,0.0160995610444806,True,False
COMPLETED,0.7299999999999999,132.0,51,302,6.383062018639409,0.0225077501134946,True,False
COMPLETED,0.75,3395.0,3409,4964,1.3482718496983868,0.0426982501344755,False,True
COMPLETED,0.7399999999999999,1428.0,4112,1584,8.09110688635707,0.0102539392989128,False,True
COMPLETED,0.7299999999999999,22.0,2470,3131,3.0566242466270923,0.0302020319979637,True,False
COMPLETED,0.7299999999999999,1.0,2106,745,8.647063341919333,0.0393255906468257,False,False
COMPLETED,0.7399999999999999,2730.0,3902,4207,3.605294167045504,0.0196713607674464,True,True
COMPLETED,0.75,1817.0,3657,2355,6.918268447275274,0.0274578126072883,True,True
COMPLETED,0.7299999999999999,1.0,453,2681,1.8761917431904,0.006789154112339,False,False
COMPLETED,0.7299999999999999,1.0,1066,1547,4.285685663291254,0.0008829229758121,False,False
COMPLETED,0.7399999999999999,2492.0,3020,3719,9.24462935460452,0.033388753502164,True,True
COMPLETED,0.7299999999999999,450.0,4501,339,0.0778812411595136,0.013330039135646,True,True
COMPLETED,0.7299999999999999,1.0,1455,4376,5.036517403261737,0.0456916526476852,False,False
COMPLETED,0.7299999999999999,1.0,1432,796,0.6163999877357855,0.0192662329021841,False,False
COMPLETED,0.7299999999999999,2733.0,4480,4257,5.580663457610645,0.0397278892342001,True,True
COMPLETED,0.75,1672.0,3002,2321,3.8880117194522175,0.0072050484651699,True,True
COMPLETED,0.7299999999999999,1.0,1050,2649,8.852577950643374,0.0270390893453732,False,False
COMPLETED,0.7299999999999999,1.0,392,1282,7.4683721164800225,0.0330302656642161,False,False
ABANDONED,,,3594,3455,2.430704523060471,0.0012382031432352,True,True
COMPLETED,0.75,414.0,3847,626,8.258551969434134,0.0460575073403306,True,True
COMPLETED,0.7299999999999999,1.0,2049,4663,3.2211871373308822,0.0129609771412797,False,False
COMPLETED,0.7299999999999999,25.0,2449,2050,7.542700736678206,0.0038158987942151,True,False
COMPLETED,0.7399999999999999,2408.0,4088,3002,2.5028554073339326,0.0366185661735944,False,True
COMPLETED,0.75,944.0,3394,1067,6.770829450547696,0.0164571076952852,False,True
COMPLETED,0.7299999999999999,22.0,33,3903,1.7306813598871231,0.0487273286902345,True,False
COMPLETED,0.7299999999999999,959.0,626,37,4.452510826928542,0.0422833028696477,True,False
COMPLETED,0.75,3308.0,2737,4699,9.409792906923217,0.0229259098432958,False,True
COMPLETED,0.75,1480.0,4705,1870,1.1625905283885076,0.0306096175713464,False,True
COMPLETED,0.7299999999999999,18.0,1816,3418,6.119569847066887,0.0098495665593072,True,False
COMPLETED,0.7399999999999999,1337.0,1654,1634,2.933021343261004,0.0446876399717293,False,True
COMPLETED,0.7299999999999999,22.0,4859,3181,7.8924763912856575,0.015856392880436,True,False
COMPLETED,0.7299999999999999,69.0,2584,274,1.5371376963322982,0.0328198444140143,True,False
COMPLETED,0.75,3246.0,789,4937,6.496900273567998,0.0029741687071509,False,True
COMPLETED,0.7399999999999999,1062.0,195,1146,9.843667240609417,0.0093400440011173,False,True
COMPLETED,0.7299999999999999,21.0,3240,3983,4.801038652707823,0.0264783360753208,True,False
COMPLETED,0.7299999999999999,29.0,4240,1969,5.927274012340233,0.0217871426427736,True,False
COMPLETED,0.7399999999999999,2086.0,2286,2921,0.8849529536496848,0.0387812177026644,False,True
COMPLETED,0.7399999999999999,361.0,1890,389,5.226069826738909,0.0292478565089404,True,True
COMPLETED,0.7299999999999999,1.0,3998,4427,0.1910329192448407,0.012730429302901,False,False
COMPLETED,0.7299999999999999,1.0,3445,1519,9.121713028081693,0.0420825014961883,False,False
COMPLETED,0.7399999999999999,2545.0,553,3692,4.086368591376581,0.0246458147419616,True,True
COMPLETED,0.75,2007.0,1209,2401,2.0772252572132275,0.0186006107958965,True,True
COMPLETED,0.7299999999999999,1.0,2851,2728,7.039468331689946,0.0481524236830882,False,False
COMPLETED,0.7299999999999999,1.0,4630,714,3.4938589310683312,0.0063468296700157,False,False
COMPLETED,0.7399999999999999,2833.0,1271,4176,8.455794476334006,0.0356562352352775,True,True
COMPLETED,0.75,1779.0,1344,2206,6.674673696888611,0.0382137140333652,False,True
COMPLETED,0.7299999999999999,44.0,4548,2533,1.7108822485934942,0.0207838250696659,True,False
COMPLETED,0.7299999999999999,47.0,2894,910,7.758095913280733,0.0253798260157927,True,False
COMPLETED,0.7399999999999999,2882.0,1098,4371,2.7940017036693168,0.0088676859801635,False,True
COMPLETED,0.75,2945.0,810,4535,3.7200264394879343,0.0396392437517643,True,True
COMPLETED,0.7299999999999999,1.0,3410,1514,5.157979046960362,0.0005527143632061,False,False
COMPLETED,0.7299999999999999,1.0,4195,3597,0.7279477534787729,0.0311396792707964,False,False
COMPLETED,0.75,462.0,1587,573,7.876763179542498,0.0168107302282005,True,True
COMPLETED,0.75,1807.0,2176,2525,7.187695502392948,0.0236811219844967,True,True
COMPLETED,0.7299999999999999,1.0,4543,713,4.24864752081316,0.0372003845451399,False,False
COMPLETED,0.7299999999999999,1.0,2829,4083,9.778557037594728,0.00745917807566,False,False
COMPLETED,0.75,1825.0,454,2274,1.3063742633089424,0.0457118402267806,True,True
COMPLETED,0.7399999999999999,2269.0,29,3253,8.967143067400903,0.0319559603785164,False,True
COMPLETED,0.7299999999999999,470.0,2628,77,2.4496755758216606,0.0207071119095198,True,False
COMPLETED,0.7299999999999999,19.0,4978,4819,6.5685743218055,0.0482001859340816,True,False
COMPLETED,0.75,1318.0,2366,1641,4.496832599114628,0.0122209591148421,False,True
COMPLETED,0.7399999999999999,3067.0,1397,4056,0.5195029102545232,0.0065231803236529,False,True
COMPLETED,0.7299999999999999,24.0,3761,2086,8.378036175348797,0.0416927206609398,True,False
COMPLETED,0.7299999999999999,24.0,3610,3120,2.536994111069478,0.015045027419459,True,False
COMPLETED,0.7399999999999999,1083.0,1235,1153,6.087250439731405,0.0254600076829083,False,True
COMPLETED,0.7299999999999999,21.0,987,2826,1.999838721645996,0.0083951703417114,True,False
COMPLETED,0.75,1281.0,3546,1051,9.06560518770758,0.0443895068657584,False,True
COMPLETED,0.7399999999999999,3083.0,4021,3764,4.942988079809584,0.0246303364178165,False,True
COMPLETED,0.7299999999999999,29.0,1449,1992,6.4737936494778845,0.0358640737067908,True,False
COMPLETED,0.7299999999999999,19.0,2275,4874,8.589754811551423,0.0293807783555239,True,False
COMPLETED,0.7399999999999999,1633.0,4757,1815,0.0345266531845554,0.0189567275485023,False,True
COMPLETED,0.7399999999999999,2343.0,2732,3315,5.871851547523401,0.0378693842482753,False,True
COMPLETED,0.7299999999999999,152.0,238,254,3.025650549646467,0.0027089159297756,True,False
COMPLETED,0.7299999999999999,1.0,516,4341,5.374904224224389,0.0128873152327723,False,False
COMPLETED,0.75,1670.0,3079,2412,3.2298436227319764,0.0272313787746243,True,True
COMPLETED,0.7399999999999999,2126.0,4488,2775,7.665960537868552,0.0043786936234682,True,True
COMPLETED,0.7299999999999999,1.0,1919,848,1.2120079415217042,0.0434501109560951,False,False
COMPLETED,0.7299999999999999,1.0,1806,3579,3.8040172076988967,0.0495349861523136,False,False
COMPLETED,0.7299999999999999,1241.0,4289,362,7.280951081638226,0.0112732553016394,True,True
COMPLETED,0.75,3432.0,3199,4515,1.7571259945379567,0.0332798043596558,True,True
COMPLETED,0.7299999999999999,1.0,708,1296,9.679180114733056,0.0197696090233512,False,False
COMPLETED,0.7299999999999999,19.0,628,3689,6.731157586336137,0.0029742221836932,True,False
COMPLETED,0.75,224.0,3279,501,4.666131462018006,0.0389579594726674,False,True
COMPLETED,0.75,2990.0,4366,4627,8.824088801751845,0.0176762727741152,False,True
COMPLETED,0.7299999999999999,40.0,1728,1442,2.29990571179986,0.0289206092981621,True,False
COMPLETED,0.7299999999999999,18.0,1996,4177,2.677609598556533,0.0347758643357083,True,False
COMPLETED,0.7399999999999999,1805.0,4411,2200,6.239459081915208,0.0243653960172086,False,True
COMPLETED,0.7399999999999999,1929.0,2999,2618,0.3593584238858893,0.0448492864663712,False,True
COMPLETED,0.7299999999999999,71.0,596,639,8.206298534283414,0.0096752356593497,True,False
COMPLETED,0.7299999999999999,1.0,162,4737,0.8978568882849068,0.0198475793893449,False,False
COMPLETED,0.75,1506.0,2808,1703,8.038736172170378,0.0341689967219717,True,True
COMPLETED,0.7399999999999999,2510.0,4836,3171,3.5696462849387895,0.009793417665176,True,True
COMPLETED,0.7299999999999999,1.0,2196,140,5.015535053214059,0.048887481207028,False,False
COMPLETED,0.7299999999999999,1.0,1528,3036,9.931375951681284,0.0425612844470888,False,False
COMPLETED,0.7399999999999999,1384.0,3942,1217,1.4463794788932427,0.0043010891107842,True,True
COMPLETED,0.7399999999999999,2994.0,3469,3972,7.015347589424812,0.0278784942631609,True,True
COMPLETED,0.7299999999999999,1.0,1063,2151,4.089113306347281,0.0143667634124867,False,False
COMPLETED,0.7399999999999999,2823.0,1157,3837,7.513176172394306,0.046608565036673,True,True
COMPLETED,0.7299999999999999,1.0,3688,1900,1.0720420796936376,0.0075296159940771,False,False
COMPLETED,0.7299999999999999,1.0,3841,2898,5.547217588580214,0.0365453471522778,False,False
COMPLETED,0.7399999999999999,793.0,1317,960,3.3893384834416214,0.0222088167956098,True,True
COMPLETED,0.75,2476.0,2446,3389,1.5872561762388795,0.016740658163093,True,True
COMPLETED,0.7299999999999999,1.0,4898,161,9.517241707966663,0.0302433203142136,False,False
COMPLETED,0.7299999999999999,1.0,2551,4948,3.954358027116396,0.002024630095344,False,False
COMPLETED,0.75,1282.0,107,1722,7.423360489523039,0.0402938926559872,True,True
COMPLETED,0.7399999999999999,2041.0,375,2712,4.802411908829585,0.0265440716999582,False,True
COMPLETED,0.7299999999999999,50.0,2907,931,6.32161959315557,0.0153148448807187,True,False
COMPLETED,0.7299999999999999,18.0,4620,4278,2.159943891507573,0.0412370628109201,True,False
COMPLETED,0.75,2486.0,2100,2494,9.237308242911473,0.0052382143419235,False,True
COMPLETED,0.7399999999999999,3080.0,1664,4450,5.7093028316050765,0.011951507506892,False,True
COMPLETED,0.7299999999999999,40.0,4119,1379,2.856391040499322,0.0471164877703413,True,False
COMPLETED,0.7299999999999999,18.0,3332,3514,8.732774528588168,0.0219916884345002,True,False
COMPLETED,0.7399999999999999,228.0,888,446,0.1842571634501218,0.0324112287717871,False,True
COMPLETED,0.7399999999999999,2494.0,935,2624,8.301927975686267,0.015896129685454,False,True
COMPLETED,0.7299999999999999,12.0,3285,687,0.6151408537821844,0.0263503670785576,True,False
COMPLETED,0.7299999999999999,18.0,4073,4189,5.983915195752866,0.0058179001058451,True,False
COMPLETED,0.75,2062.0,1710,2251,2.581741911413148,0.0410447685872204,False,True
COMPLETED,0.75,3582.0,2068,4676,2.3564759634658694,0.0473109181975014,False,True
COMPLETED,0.7299999999999999,35.0,4652,1447,9.040813233884982,0.0113710311199538,True,False
COMPLETED,0.7299999999999999,19.0,2939,3740,4.449645573618822,0.0326042369995266,True,False
COMPLETED,0.75,388.0,343,513,6.674349088929595,0.0214128228900954,False,True
COMPLETED,0.7399999999999999,3298.0,153,3925,4.3071243250779805,0.0081100982818752,True,True
COMPLETED,0.7299999999999999,1.0,2505,2144,7.070630956499838,0.0464141523120924,False,False
COMPLETED,0.7299999999999999,1.0,4852,2987,1.3907240670314058,0.0227877000425942,False,False
COMPLETED,0.7399999999999999,1293.0,2493,1203,9.713736679743976,0.0363523448253981,True,True
COMPLETED,0.7399999999999999,2286.0,1285,3164,5.272605261681601,0.0304370426381938,True,True
COMPLETED,0.7299999999999999,1.0,3872,93,3.6639876497769728,0.0161593792592175,False,False
COMPLETED,0.7299999999999999,1.0,3720,4723,7.944022762545385,0.0404861927805468,False,False
FAILED,,,1125,1654,0.641158426610753,0.0014449620340019,True,True
COMPLETED,0.7299999999999999,1.0,1031,4980,7.211879549635576,0.0339768499275669,False,False
COMPLETED,0.75,1563.0,3501,1792,3.892618185573258,0.0204273063670843,True,True
COMPLETED,0.75,3122.0,3973,3414,9.57860950472299,0.0486937235700897,True,True
COMPLETED,0.7199999999999999,1.0,1496,228,1.7991088629197327,0.0103745668423362,False,False
COMPLETED,0.7299999999999999,1.0,2243,2968,3.138799545791,0.0037220761370845,False,False
COMPLETED,0.75,824.0,4789,992,5.446418557300233,0.0427542514610104,True,True
COMPLETED,0.7399999999999999,2733.0,2762,3904,1.172469066186808,0.013786340041086,True,True
COMPLETED,0.7299999999999999,1.0,208,1925,7.764086856838317,0.0280730603178963,False,False
COMPLETED,0.7299999999999999,10.0,564,3445,0.0847462087348103,0.0387650101613253,True,False
COMPLETED,0.7399999999999999,376.0,3030,412,8.4809478123663,0.0035532410582527,False,True
COMPLETED,0.7399999999999999,3118.0,4443,4384,3.108456300455145,0.0287260491442866,False,True
COMPLETED,0.7299999999999999,32.0,1964,1353,5.808575540579856,0.0182567138480953,True,False
COMPLETED,0.7299999999999999,15.0,1774,4244,9.176855285959318,0.023785674940329,True,False
COMPLETED,0.75,1760.0,4320,2425,1.9471763650225475,0.0349680288326926,False,True
COMPLETED,0.7399999999999999,1952.0,3232,2686,6.534625663374551,0.009094104184769,False,True
COMPLETED,0.7299999999999999,49.0,675,864,4.862626620041207,0.0450430500041693,True,False
COMPLETED,0.7299999999999999,1.0,755,4117,1.5630719799995423,0.0270377036575227,False,False
COMPLETED,0.75,1686.0,3152,2343,9.873270894209854,0.0134685469297692,True,True
COMPLETED,0.7399999999999999,2220.0,4243,2551,4.154305410991423,0.0432578580384142,True,True
COMPLETED,0.7299999999999999,1.0,1852,779,6.930625740915538,0.0049583144779317,False,False
COMPLETED,0.7299999999999999,1.0,1887,3666,8.094402898469939,0.0106927258069626,False,False
COMPLETED,0.7399999999999999,380.0,4520,607,0.7836024203570559,0.0497294460837729,True,True
COMPLETED,0.75,2953.0,3110,4602,5.102696126875468,0.0191906785694882,True,True
COMPLETED,0.7299999999999999,1.0,484,1540,3.5020146571490915,0.0334728538934141,False,False
COMPLETED,0.7299999999999999,22.0,284,3049,6.144059682121501,0.0441950292317196,True,False
COMPLETED,0.7399999999999999,1294.0,2686,1120,2.7534795524785296,0.0089756939355283,False,True
COMPLETED,0.7399999999999999,3003.0,4711,3988,8.161312488199211,0.0356710182721726,False,True
COMPLETED,0.7399999999999999,7.0,2322,2061,0.4629322115983814,0.0252092491691,True,False
COMPLETED,0.7299999999999999,16.0,1418,4787,4.592699839267881,0.0183754899506457,True,False
COMPLETED,0.75,1452.0,4052,1570,6.824118952951395,0.0295744357700459,False,True
COMPLETED,0.7399999999999999,3253.0,3578,3228,2.1938926989352328,0.0021292773727327,False,True
COMPLETED,0.7299999999999999,3936.0,955,9,8.871514370981604,0.0380616312650963,True,False
COMPLETED,0.7399999999999999,2252.0,1203,3322,2.9654365834183998,0.0212868801932781,False,True
COMPLETED,0.7299999999999999,127.0,3642,301,5.658845030314289,0.0317637486746534,True,False
COMPLETED,0.7299999999999999,17.0,3792,4888,0.2472949246531352,0.0128021377963013,True,False
COMPLETED,0.75,1303.0,1365,1864,8.650207321513443,0.0480063751894049,False,True
COMPLETED,0.7399999999999999,2684.0,2413,3811,6.374520493512974,0.0418856227654032,False,True
COMPLETED,0.7299999999999999,30.0,4932,1999,4.6909235648373135,0.005944208655972,True,False
COMPLETED,0.7299999999999999,21.0,2582,2875,9.317431456939316,0.0256545206299051,True,False
COMPLETED,0.75,1069.0,75,1066,2.099350421344861,0.0144646335523575,False,True
COMPLETED,0.7299999999999999,9999.0,422,4466,9.428268685305492,0.0011316801300272,True,True
COMPLETED,0.7299999999999999,1.0,2860,1290,1.6566994550349188,0.0394463249128311,False,False
COMPLETED,0.7299999999999999,1.0,4575,3528,7.381749367934653,0.0173911063927225,False,False
COMPLETED,0.7399999999999999,631.0,2144,349,4.054556592339649,0.0309451604229398,True,True
COMPLETED,0.7399999999999999,2362.0,1633,2769,1.0001557018309832,0.0373925785464234,True,True
COMPLETED,0.7299999999999999,1.0,4149,800,7.60459199612867,0.0231013477998785,False,False
COMPLETED,0.7299999999999999,1.0,3364,4328,3.2915839112652465,0.0459056450705975,False,False
COMPLETED,0.75,1952.0,856,2361,5.586384419128298,0.0068779816916212,True,True
COMPLETED,0.7299999999999999,1.0,822,3185,1.1066702562486752,0.0483368976078927,False,False
COMPLETED,0.75,81.0,3397,126,7.790978900674731,0.012350116581656,True,True
COMPLETED,0.75,3216.0,4175,4750,3.199715882513672,0.0321092877672053,True,True
COMPLETED,0.7299999999999999,1.0,1607,1689,5.424409880659543,0.0208679935052059,False,False
COMPLETED,0.7299999999999999,1.0,2112,3948,9.551871970475652,0.0149883797182701,False,False
COMPLETED,0.7399999999999999,1965.0,4608,2174,1.8650562225785103,0.0253958057747222,True,True
COMPLETED,0.7399999999999999,2251.0,2885,3012,7.233735206654295,0.0064831483373418,True,True
COMPLETED,0.7299999999999999,1.0,397,1240,3.831552405149676,0.0416602428816258,False,False
COMPLETED,0.7299999999999999,17.0,40,4643,6.522535250780173,0.0313670270452275,True,False
COMPLETED,0.7399999999999999,1258.0,2617,1426,4.913927156040446,0.0170426109693944,False,True
COMPLETED,0.7399999999999999,2685.0,4954,3704,9.193828767756,0.039895295382943,False,True
COMPLETED,0.7299999999999999,78.0,2390,485,1.8909930578144267,0.0008042320595122,True,False
COMPLETED,0.7299999999999999,27.0,1329,2593,3.05730401618313,0.0071064477250911,True,False
COMPLETED,0.7399999999999999,470.0,3828,664,5.820820164769889,0.0453636428429745,False,True
COMPLETED,0.7399999999999999,2726.0,3666,4151,0.1407797742486,0.0233570945225656,False,True
COMPLETED,0.7299999999999999,26.0,1179,2225,8.463821012954227,0.036871824116446,True,False
COMPLETED,0.7399999999999999,3228.0,958,4291,4.388576962257736,0.0047238679230213,False,True
COMPLETED,0.7299999999999999,24.0,3575,2480,6.6962054909318685,0.0438058643909171,True,False
COMPLETED,0.7299999999999999,20.0,4037,2726,2.4224276440292596,0.0132188987457193,True,False
COMPLETED,0.75,783.0,1433,916,9.014074060673824,0.0275523831523023,False,True
COMPLETED,0.75,2708.0,2326,3490,5.961906668108889,0.0330449005342088,False,True
COMPLETED,0.7299999999999999,85.0,4706,469,2.642654821211472,0.0195452843331731,True,False
COMPLETED,0.7299999999999999,16.0,2669,4426,8.328817784572019,0.0492864915402606,True,False
COMPLETED,0.7399999999999999,1506.0,300,1403,0.5493457687618211,0.0110141815543174,False,True
COMPLETED,0.7399999999999999,2050.0,491,2913,7.926897006110288,0.0246915189297869,True,True
COMPLETED,0.7399999999999999,1.0,3104,944,0.6971894591804593,0.0359237408041954,False,False
COMPLETED,0.7299999999999999,1.0,4507,3852,5.284848544901237,0.008430667517241,False,False
COMPLETED,0.7399999999999999,1946.0,1901,1885,3.612839984402992,0.0444265194558538,True,True
COMPLETED,0.75,3336.0,1857,4923,1.3345376308923587,0.0377372073852457,True,True
COMPLETED,0.7299999999999999,1.0,4238,1746,9.73071060853079,0.0025752236521802,False,False
COMPLETED,0.7299999999999999,1.0,3140,3364,4.3584288839884096,0.0292229161560535,False,False
COMPLETED,0.75,93.0,767,185,7.05853860694822,0.0188003807635977,True,True
COMPLETED,0.75,3252.0,691,4844,9.3443230537856,0.010125001178123,False,True
COMPLETED,0.7299999999999999,34.0,3216,1615,2.0335511644165964,0.049208485584706,True,False
COMPLETED,0.7299999999999999,19.0,4316,3278,6.352511369882152,0.0201927536888979,True,False
COMPLETED,0.75,61.0,1778,52,4.751839454569854,0.0345247501567937,False,True
COMPLETED,0.7399999999999999,2279.0,1979,3104,0.3132424333086237,0.0276299996511079,False,True
COMPLETED,0.7299999999999999,38.0,4428,1168,8.623469936262817,0.0141076896651647,True,False
COMPLETED,0.7299999999999999,15.0,3027,4040,2.9043709519915284,0.0423263806216418,True,False
COMPLETED,0.7399999999999999,2036.0,567,2102,5.680700836329722,0.0040767644206061,False,True
COMPLETED,0.75,3288.0,220,3620,3.3428842982677742,0.0177117699496448,True,True
COMPLETED,0.7299999999999999,1.0,2749,549,5.57429385753721,0.0289576218882575,False,False
COMPLETED,0.7299999999999999,1.0,4784,4559,0.9439722456261516,0.0030354046956636,False,False
COMPLETED,0.75,1177.0,2248,1490,7.621565328928643,0.039017626570072,True,True
COMPLETED,0.7399999999999999,3258.0,1510,4069,7.393994439114818,0.0446914242669008,True,True
COMPLETED,0.7299999999999999,1.0,3960,2287,4.003404755057767,0.0095188888744451,False,False
COMPLETED,0.7299999999999999,1.0,3495,2510,9.411142332883552,0.0346436874726787,False,False
COMPLETED,0.7399999999999999,934.0,1038,727,1.712733467538841,0.0242317037396132,True,True
COMPLETED,0.7299999999999999,1.0,1100,2800,5.124552379881033,0.0413903901996091,False,False
COMPLETED,0.7399999999999999,667.0,3745,823,3.4409458967912943,0.0053990959376096,True,True
COMPLETED,0.7399999999999999,2804.0,3905,4365,8.067663576262072,0.0266807833737693,True,True
COMPLETED,0.7299999999999999,1.0,1253,2386,0.8495539519237355,0.0154440023475326,False,False
COMPLETED,0.7299999999999999,1.0,2467,4499,4.21521876777988,0.0219516564481891,False,False
COMPLETED,0.75,1003.0,4878,1311,6.908617660261691,0.0323787509924732,True,True
COMPLETED,0.75,2518.0,2538,3563,1.4972773419693113,0.0118948598057031,True,True
COMPLETED,0.7299999999999999,1.0,119,377,9.90016115008574,0.0470522858621552,False,False
COMPLETED,0.7299999999999999,19.0,319,3787,2.249923284514807,0.0368013978153467,True,False
COMPLETED,0.75,1448.0,2963,1968,8.854388167556376,0.022460334491916,False,True
COMPLETED,0.7399999999999999,2252.0,4688,2849,4.5415517269037675,0.0468359128111042,False,True
COMPLETED,0.7299999999999999,46.0,2032,1028,6.836361789180898,0.007761496735271,True,False
COMPLETED,0.7299999999999999,20.0,1687,3301,8.178286565982736,0.0017006026334129,True,False
COMPLETED,0.75,101.0,4095,268,0.406745924456045,0.0399653322272934,False,True
COMPLETED,0.75,3382.0,3320,4860,6.131967481566593,0.0163879278125241,False,True
COMPLETED,0.7299999999999999,26.0,900,1829,2.8047842603856696,0.0298951229304075,True,False
COMPLETED,0.7299999999999999,24.0,873,4013,5.93787549149152,0.0226540096090175,True,False
COMPLETED,0.7399999999999999,1494.0,3347,2036,2.998837027076632,0.0362201661183498,False,True
COMPLETED,0.7399999999999999,2433.0,4122,3074,8.528613042805343,0.0079537496529519,False,True
COMPLETED,0.7299999999999999,6.0,1660,1095,0.0564588945126161,0.0462562919566407,True,False
COMPLETED,0.7299999999999999,22.0,2083,3213,4.969956111968496,0.0405458617219701,True,False
ABANDONED,,,4636,24,6.407918255230412,0.0015061427019536,False,True
COMPLETED,0.75,3307.0,2912,4771,1.9777534606959672,0.0304740533842705,False,True
COMPLETED,0.7299999999999999,33.0,370,1585,9.12659751275275,0.0161948782787658,True,False
COMPLETED,0.7299999999999999,1.0,92,2574,1.7694472030373287,0.0055935735716484,False,False
COMPLETED,0.7399999999999999,864.0,2565,755,9.627951842138543,0.0408098666057921,True,True
COMPLETED,0.7399999999999999,2914.0,4905,4140,3.786814419964328,0.0156370577821508,True,True
COMPLETED,0.7299999999999999,1.0,2440,2319,7.3370612314613535,0.0261018706224858,False,False
COMPLETED,0.7299999999999999,1.0,1304,4587,7.717337062190286,0.0329599885903298,False,False
COMPLETED,0.7399999999999999,1407.0,3854,1554,1.1998409446179867,0.0217579990336671,True,True
COMPLETED,0.7399999999999999,2583.0,3693,3651,5.318644332706929,0.0476319244191981,True,True
COMPLETED,0.7299999999999999,1.0,1151,621,3.246893092851155,0.0117026127888821,False,False
COMPLETED,0.75,2423.0,1089,3552,9.839546531702393,0.0283778536044992,True,True
COMPLETED,0.7199999999999999,1.0,3443,324,1.2842897473424673,0.0179039816535077,False,False
COMPLETED,0.7299999999999999,1.0,3909,4491,7.121824429050089,0.0384364478886127,False,False
COMPLETED,0.75,958.0,1561,1265,4.275613914008253,0.0032292154403403,True,True
COMPLETED,0.7399999999999999,2830.0,2221,4312,0.7498801438035443,0.0093259867699816,True,True
COMPLETED,0.7299999999999999,1.0,4811,2376,7.8156179838720705,0.0452703959345817,False,False
COMPLETED,0.7299999999999999,1.0,2776,2754,3.693210663342848,0.0240371907926164,False,False
COMPLETED,0.75,589.0,194,815,5.224006715846248,0.0352240813397802,True,True
COMPLETED,0.75,3316.0,618,4912,2.554044624165632,0.048629519817885,False,True
COMPLETED,0.7299999999999999,31.0,2976,1840,6.030988015269862,0.0103179209851659,True,False
COMPLETED,0.7299999999999999,17.0,4376,3346,0.5073345723804086,0.0339443739922717,True,False
COMPLETED,0.75,105.0,2031,277,8.429417318568563,0.0203872725367546,False,True
COMPLETED,0.7399999999999999,2155.0,1752,2861,6.624681342697703,0.0139154956638813,False,True
COMPLETED,0.7299999999999999,40.0,4343,1079,4.479630258370191,0.028209773835726,True,False
COMPLETED,0.7299999999999999,19.0,3243,3797,8.915918817717582,0.0038829595767892,True,False
COMPLETED,0.75,1521.0,664,2013,2.461994847363792,0.0429075770056806,False,True
COMPLETED,0.7399999999999999,2323.0,740,3000,3.927544057556428,0.03534245599946,True,True
COMPLETED,0.7299999999999999,1.0,3167,1189,7.489383986501024,0.0248852235511876,False,False
COMPLETED,0.7299999999999999,1.0,4264,3939,1.6091879705768075,0.0438468336919322,False,False
COMPLETED,0.7399999999999999,2144.0,1831,2129,9.456099492230452,0.0086229617409408,True,True
COMPLETED,0.75,3706.0,1952,4699,5.481342343329453,0.0023807932250201,True,True
COMPLETED,0.7299999999999999,1.0,4455,1677,3.416306664597243,0.0383176837721839,False,False
COMPLETED,0.7299999999999999,1.0,3053,3140,7.574168646436186,0.0186073725358583,False,False
COMPLETED,0.75,70.0,542,116,1.0499569677403195,0.0298017817004583,True,True
COMPLETED,0.7399999999999999,2779.0,274,4204,8.681546106996946,0.043225382103119,False,True
COMPLETED,0.7299999999999999,9.0,2696,2235,0.1965782229527831,0.0049182806476019,True,False
COMPLETED,0.7299999999999999,25.0,4734,2638,5.765412832431496,0.026973499905318,True,False
COMPLETED,0.7399999999999999,652.0,2299,672,2.839188103768043,0.0134119010725989,False,True
COMPLETED,0.7399999999999999,2587.0,1484,3714,2.147777341593988,0.019351562009193,False,True
COMPLETED,0.7299999999999999,79.0,3986,538,9.28868521422334,0.0336261794380843,True,False
COMPLETED,0.7299999999999999,15.0,3523,4650,4.819461825938896,0.0108218814297579,True,False
COMPLETED,0.7399999999999999,1407.0,1009,1472,6.265360148628243,0.0498661596016027,False,True
COMPLETED,0.7299999999999999,17.0,1230,4398,0.3372737589227035,0.0172347577637992,True,False
COMPLETED,0.7399999999999999,1397.0,3615,1339,8.267287879394367,0.0307873000674881,False,True
ABANDONED,,,3777,3459,2.704575842754916,0.0009979896964505,False,True
COMPLETED,0.7299999999999999,101.0,1380,398,6.173587859575638,0.0393141462057828,True,False
COMPLETED,0.7299999999999999,30.0,2363,2662,8.76294405307155,0.0459426558166742,True,False
COMPLETED,0.75,588.0,4982,888,2.321838549114764,0.0069134807111695,False,True
COMPLETED,0.7399999999999999,3026.0,2644,4220,6.797185702212156,0.0374522474878467,False,True
COMPLETED,0.7299999999999999,23.0,14,2449,4.639316151487642,0.0231625284678302,True,False
COMPLETED,0.7299999999999999,1.0,448,3429,6.959084717973136,0.0125430658929981,False,False
COMPLETED,0.7399999999999999,115.0,2834,213,4.106163372453302,0.0477578787333332,True,True
COMPLETED,0.75,3345.0,4556,4995,9.982756647910925,0.0210625536590814,True,True
COMPLETED,0.7299999999999999,1.0,2163,1776,1.4342106940289958,0.0315288466932252,False,False
COMPLETED,0.7299999999999999,1.0,1580,3879,3.5524440931910646,0.0259755268516018,False,False
COMPLETED,0.75,1752.0,4202,1950,5.071642223102972,0.0147962152212858,True,True
COMPLETED,0.7399999999999999,2138.0,3424,2943,0.9101763088237494,0.0422413743562065,True,True
COMPLETED,0.7299999999999999,1.0,795,1016,7.98751207148377,0.0062893847995437,False,False
COMPLETED,0.7399999999999999,2210.0,789,2932,7.466820380923339,0.0297235817080363,False,True
COMPLETED,0.7299999999999999,47.0,3431,1003,3.9110922784302384,0.0184928857591003,True,False
COMPLETED,0.7299999999999999,21.0,4218,3871,9.475007016519085,0.0382516320827417,True,False
COMPLETED,0.7399999999999999,2649.0,1564,1944,1.6293059627683832,0.0022543471571989,False,True
COMPLETED,0.75,3313.0,2155,4982,3.4352419208986684,0.0087501051244325,False,True
COMPLETED,0.7299999999999999,32.0,4564,1766,5.5015082938373085,0.0439135336461477,True,False
COMPLETED,0.7299999999999999,18.0,2851,3424,1.0273638421893119,0.0250005457606166,True,False
COMPLETED,0.75,99.0,431,205,7.557669504980557,0.0354215434258803,False,True
COMPLETED,0.7299999999999999,2976.0,6,4234,0.2203913335716352,0.0499807265009731,True,True
COMPLETED,0.7299999999999999,1.0,2652,2460,8.69682526338473,0.0109002135461196,False,False
COMPLETED,0.7299999999999999,1.0,4999,2668,2.8214728325344622,0.0337525675115175,False,False
COMPLETED,0.75,688.0,2346,896,5.744026896855795,0.0194175066533498,True,True
COMPLETED,0.75,2662.0,1374,3470,9.27099886697624,0.0133450940730981,True,True
COMPLETED,0.7299999999999999,1.0,3784,411,2.1264381723608823,0.0268462985274381,False,False
COMPLETED,0.73,1.0,1023,3926,7.931362558592111,0.0241358369877561,False,False
COMPLETED,0.74,1388.0,4114,1500,2.6702681953739376,0.0197647457006387,False,True
COMPLETED,0.74,1572.0,2430,1372,0.2171843004319817,0.0046516897580586,False,True
COMPLETED,0.74,514.0,310,397,8.46603199377004,0.0470067067448981,False,True
COMPLETED,0.73,1.0,4555,2823,3.434411450481974,0.0455711279083043,False,False
COMPLETED,0.74,755.0,1491,785,6.475415841854178,0.0216165032377466,True,True
COMPLETED,0.73,132.0,3079,310,9.804764041116462,0.0225195526168681,True,False
COMPLETED,0.75,3002.0,1976,3610,9.317176216261462,0.017851655317936,True,True
COMPLETED,0.75,408.0,1606,538,2.465458518025465,0.01847346201865,True,True
COMPLETED,0.75,2629.0,1111,3586,0.3582980794813484,0.0480284545472823,False,True
COMPLETED,0.73,1.0,2596,4711,0.6277944646310062,0.0123226555935107,False,False
COMPLETED,0.73,1.0,4340,1013,5.253673609238119,0.0461936945291236,False,False
COMPLETED,0.74,2024.0,2409,2727,4.546262853901834,0.0207042766846716,True,True
COMPLETED,0.73,30.0,1267,1707,4.06045485994313,0.0443474539271555,True,False
COMPLETED,0.73,23.0,510,2924,9.437580709672533,0.0104945841999724,True,False
COMPLETED,0.74,1234.0,4940,351,4.952790871405044,0.0086552446535788,True,True
COMPLETED,0.73,22.0,965,3069,2.765668582270853,0.0353224813584238,True,False
COMPLETED,0.74,1757.0,3207,1472,0.8077670700903983,0.0145121334916912,True,True
COMPLETED,0.74,371.0,2370,388,5.324131872252562,0.0429089639843441,True,True
COMPLETED,0.73,1.0,2636,2060,9.223072678110562,0.0279652090119198,False,False
COMPLETED,0.73,21.0,4612,3860,8.521678177148104,0.0080796792572364,True,False
COMPLETED,0.74,11.0,3119,2961,0.2780179719170556,0.0381677703075111,True,False
COMPLETED,0.73,284.0,3572,146,2.98192897346057,0.0481201201635412,True,False
COMPLETED,0.74,3191.0,695,4087,1.1822726772641765,0.0024637475125491,True,True
COMPLETED,0.75,731.0,1150,936,9.578008247121238,0.0142070976244285,False,True
COMPLETED,0.75,465.0,2016,637,0.7265419136388228,0.0458567691706121,True,True
COMPLETED,0.73,1.0,4594,160,6.716721909640357,0.0179433146645315,False,False
COMPLETED,0.73,16.0,4735,4820,2.53934784004651,0.0049370422470383,True,False
COMPLETED,0.73,54.0,3294,1021,8.380830357227474,0.039079998335801,True,False
COMPLETED,0.74,439.0,716,559,4.37195911698509,0.0235361133790574,False,True
COMPLETED,0.75,1904.0,402,2238,8.110915440317243,0.0034843625342473,True,True
COMPLETED,0.73,48.0,125,1225,5.911731625325978,0.0347965946095064,True,False
COMPLETED,0.74,3524.0,2469,4345,9.750862869965845,0.0326632242994383,False,True
COMPLETED,0.75,1444.0,4881,1330,9.493236242594197,0.0445907429666258,False,True
COMPLETED,0.73,1.0,1061,1576,2.153860095062293,0.0393792104232125,False,False
COMPLETED,0.73,1.0,2121,2860,6.305465351148509,0.0052181797241792,False,False
COMPLETED,0.73,1.0,2856,519,3.283045710627921,0.041260023010429,False,False
COMPLETED,0.74,3705.0,2875,4551,7.704683088161984,0.015436821185518,True,True
COMPLETED,0.73,32.0,3165,2277,9.543088660936805,0.0334687689309939,True,False
COMPLETED,0.73,17.0,738,4668,9.954354773842727,0.0455178099055774,True,False
COMPLETED,0.75,1777.0,2516,1694,0.5065263862842694,0.021573898430448,False,True
COMPLETED,0.74,2870.0,4259,2898,6.036496637850069,0.0371482589310035,False,True
COMPLETED,0.74,3578.0,3316,3873,2.802115366116166,0.0176043595485389,False,True
COMPLETED,0.73,1.0,1191,316,0.8542816548058764,0.0322272075074724,False,False
COMPLETED,0.73,1.0,1997,4120,5.144503914809786,0.0231968058710917,False,False
COMPLETED,0.73,70.0,1896,613,9.47178143328894,0.0021229058732278,True,False
COMPLETED,0.74,1892.0,3815,2085,4.435730733550154,0.0471574641708284,True,True
COMPLETED,0.74,3150.0,2999,3288,9.062162991196848,0.0067303341110236,True,True
COMPLETED,0.73,1.0,234,3510,7.666941429777071,0.0317013237089849,False,False
COMPLETED,0.74,3208.0,4772,3927,6.2537997266463945,0.0476829690234735,True,True
COMPLETED,0.75,1693.0,4321,1758,9.191986544487069,0.0377321549584157,True,True
COMPLETED,0.73,22.0,4019,2767,3.1137749522291123,0.0402503423281014,True,False
COMPLETED,0.73,34.0,2950,1552,8.507016323445365,0.0060892648831941,True,False
COMPLETED,0.74,2824.0,1769,3821,8.81993636585772,0.0258038721298798,True,True
COMPLETED,0.73,18.0,3721,4367,5.72323302764725,0.0083178003421053,True,False
COMPLETED,0.75,3021.0,2085,3392,2.559888126165606,0.0489489953196607,False,True
COMPLETED,0.75,3560.0,987,4830,1.7151675429921598,0.0300437947711907,False,True
COMPLETED,0.73,1.0,4960,4446,9.374447991003285,0.0356657911245711,False,False
COMPLETED,0.75,67.0,2617,66,5.046976525368169,0.0319870564346201,True,True
COMPLETED,0.75,1814.0,1730,1794,1.167640622903593,0.0101582727613858,True,True
COMPLETED,0.73,1.0,195,860,2.2010138477301227,0.0040674677081406,False,False
COMPLETED,0.74,2332.0,46,2993,5.455931364047341,0.0439144805958494,True,True
COMPLETED,0.73,90.0,1455,468,2.70221328572277,0.0282978985211811,True,False
COMPLETED,0.73,16.0,327,4163,8.256862160488032,0.0188143053175881,True,False
COMPLETED,0.73,37.0,1129,1367,5.941782008314506,0.0210435843770392,True,False
COMPLETED,0.74,1575.0,4811,1590,3.594624540523626,0.0142604168257676,True,True
COMPLETED,0.73,26.0,1934,2638,0.5646137317717076,0.0367147014606744,True,False
COMPLETED,0.74,2379.0,3371,2885,7.908991419515573,0.0295749569358304,True,True
COMPLETED,0.74,1239.0,3877,1238,9.855301844328642,0.0127601535012945,False,True
COMPLETED,0.73,17.0,289,4498,2.872616540183313,0.022052114253398,True,False
COMPLETED,0.74,11.0,776,2319,0.1088965268470347,0.018288798989728,True,False
COMPLETED,0.75,1620.0,4536,1916,7.768130040894263,0.0234942669244483,True,True
COMPLETED,0.75,104.0,4220,236,4.007227079426871,0.0033329443964175,False,True
COMPLETED,0.73,50.0,4898,903,6.179241521141493,0.0393373591741547,True,False
COMPLETED,0.74,3426.0,2554,4043,9.410251611921936,0.0437782076140865,False,True
COMPLETED,0.74,2338.0,1870,2940,4.220592147908175,0.0153812358696013,False,True
COMPLETED,0.73,16.0,1374,4069,7.741252291429789,0.0389025292387232,True,False
COMPLETED,0.73,1.0,115,4616,7.31725210945122,0.0181281819646246,False,False
COMPLETED,0.74,3122.0,551,3330,0.6825861146235839,0.0409651764067821,True,True
COMPLETED,0.74,1709.0,4438,2034,2.0341984992511573,0.0133994512725621,False,True
COMPLETED,0.74,2927.0,3632,3339,6.347018233647571,0.0290707098846323,False,True
COMPLETED,0.75,4367.0,2179,4854,7.979077805364505,0.010696619360242,True,True
COMPLETED,0.75,1767.0,282,1849,0.3395427832696587,0.0333462935886345,True,True
COMPLETED,0.73,1.0,3884,2649,7.398364382269793,0.0488028104146942,False,False
COMPLETED,0.74,2112.0,1522,1925,4.602881194256247,0.0106387625820934,False,True
COMPLETED,0.75,1067.0,1946,1248,3.096657101931982,0.0248419664222747,True,True
COMPLETED,0.73,1.0,4681,458,9.61465377395414,0.0401926720724441,False,False
COMPLETED,0.74,1869.0,315,2145,5.7207454437501735,0.0299136058064177,True,True
FAILED,nan,nan,5000,2,10,0.0386586517863362,True,True
FAILED,nan,nan,5000,2,7.231715956757299,0.05,True,True
FAILED,nan,nan,5000,2,7.272906067064808,0.0379433922205864,True,True
FAILED,nan,nan,5000,2,10,0.0304525827382941,True,True
FAILED,nan,nan,1,2,10,0.0386759812630587,True,True
FAILED,nan,nan,5000,2,0.001,0.0356198942387237,True,True
COMPLETED,0.73,1.0,3232,4728,0.6099981950605289,0.041360515944194,False,False
COMPLETED,0.73,1.0,4618,2645,7.801255930176006,0.0114661562074907,False,False
COMPLETED,0.75,2504.0,1688,2228,4.291554224675521,0.008502935854718,False,True
COMPLETED,0.73,1.0,1161,2729,7.408177994751372,0.0157971233073621,False,False
COMPLETED,0.73,1.0,2234,4977,4.591576981430874,0.032401153284125,False,False
COMPLETED,0.74,1025.0,3308,655,5.841923332525418,0.0070112034217454,True,True
COMPLETED,0.73,1.0,3780,1371,0.2267259007934481,0.0123943487354554,False,False
COMPLETED,0.74,3995.0,522,3002,8.976275913910941,0.0362389246290549,True,True
COMPLETED,0.74,5768.0,2593,4376,3.437135305913165,0.0075769175630994,True,True
COMPLETED,0.73,1.0,3550,4106,7.281719317991287,0.0479578351313248,False,False
COMPLETED,0.73,27.0,4151,4863,9.376165857892484,0.0194387677740305,True,False
COMPLETED,0.75,67.0,1586,41,7.68122970216442,0.0483128217309713,True,True
COMPLETED,0.75,3553.0,724,2935,4.805651199757122,0.0128190008862875,True,True
COMPLETED,0.75,4664.0,1332,3690,1.929882596171461,0.0336065271315164,False,True
COMPLETED,0.73,1.0,804,1355,8.793995330777019,0.0401937207658775,False,False
COMPLETED,0.73,26.0,1176,4915,0.8163134841714055,0.0285804781131446,True,False
COMPLETED,0.74,4707.0,2112,4441,6.997628332529218,0.0415547350929118,True,True
COMPLETED,0.73,31.0,1408,2180,6.699398304197938,0.0178619631058536,True,False
COMPLETED,0.74,1099.0,4514,706,9.563481933863834,0.0044504023934714,False,True
COMPLETED,0.73,31.0,2289,2790,8.632432451595552,0.024257877648808,True,False
COMPLETED,0.73,1.0,94,2583,1.384547771565616,0.0392670370140113,False,False
COMPLETED,0.75,5784.0,3655,4680,7.859391382976436,0.0322054316289722,True,True
COMPLETED,0.74,1840.0,3400,1593,2.3813880179496483,0.0499103044872172,False,True
COMPLETED,0.75,1895.0,4375,1789,7.632239034235478,0.0154209463512524,True,True
COMPLETED,0.74,3801.0,4262,3854,5.130099359801971,0.0112275674333795,False,True
COMPLETED,0.73,29.0,1734,1558,1.1946075003379957,0.0252344339927658,True,False
COMPLETED,0.73,60.0,2809,1319,3.931177221288905,0.0020960607412271,True,False
COMPLETED,0.75,106.0,641,177,2.313173347406089,0.0140153153925202,False,True
COMPLETED,0.73,1.0,4668,2065,1.836739770187065,0.0308116990164853,False,False
COMPLETED,0.74,1040.0,1289,668,4.427147396221757,0.0409905289900489,True,True
COMPLETED,0.73,1.0,2442,2289,7.485843303164468,0.0202143563679419,False,False
COMPLETED,0.74,2929.0,1660,3063,5.179060954747722,0.027780553497374,False,True
COMPLETED,0.73,31.0,3970,1626,5.6183132129618905,0.0265771275330334,True,False
COMPLETED,0.73,92.0,2544,750,2.811096459476277,0.0216199895394966,True,False
COMPLETED,0.74,6010.0,4673,4375,5.920816466958263,0.0026793259298428,True,True
COMPLETED,0.73,27.0,4806,3485,9.700167139552534,0.0325567803946323,True,False
COMPLETED,0.73,1.0,4434,246,0.5311314330454916,0.0487857771217823,False,False
COMPLETED,0.73,1.0,2954,2984,6.961112702891231,0.0100316633596085,False,False
COMPLETED,0.73,1.0,3322,2382,7.722665650182404,0.0040525786401703,False,False
COMPLETED,0.74,942.0,98,986,6.020327254052274,0.0190593770621344,True,True
COMPLETED,0.73,1.0,4763,873,7.202835737972521,0.04373510003509,False,False
COMPLETED,0.74,3112.0,1098,4126,9.282247550589965,0.0246572127598337,True,True
COMPLETED,0.75,1898.0,2284,1107,3.967360141271725,0.0463928996738977,False,True
COMPLETED,0.73,1.0,3650,1754,4.385624508623034,0.0106502989935688,False,False
COMPLETED,0.73,1.0,2146,1662,0.4040426678201184,0.013615910208784,False,False
COMPLETED,0.73,3357.0,1443,4254,0.706356398000382,0.0403899354655295,False,True
COMPLETED,0.75,4595.0,17,3373,8.52253382800892,0.0077840059800073,False,True
COMPLETED,0.73,27.0,253,2498,2.508254601142369,0.0421376209668815,True,False
COMPLETED,0.75,5276.0,799,4749,3.4551853168820963,0.0180585099132731,True,True
COMPLETED,0.75,4620.0,4542,3437,2.4599664527047427,0.0417587889926508,False,True
COMPLETED,0.73,1.0,749,4037,1.6893370448462666,0.002873342052102,False,False
COMPLETED,0.75,289.0,830,584,6.9199650355717175,0.0497545490330085,True,True
COMPLETED,0.73,1.0,4310,62,5.75637615398597,0.0250274296631105,False,False
COMPLETED,0.74,1666.0,1471,1076,9.815101572594603,0.0210394300334155,False,True
COMPLETED,0.75,4246.0,3756,4694,7.371995074768551,0.0333752568988129,True,True
COMPLETED,0.73,1.0,2924,2314,3.573858654759825,0.0293575651566498,False,False
COMPLETED,0.73,1.0,4406,4420,8.93956956848316,0.018637740066275,False,False
COMPLETED,0.75,5010.0,455,4933,7.760113133186475,0.0433653374980203,True,True
COMPLETED,0.73,12.0,4778,1811,0.6689482315033675,0.000835476743523,True,False
COMPLETED,0.73,57.0,3704,818,8.485677563953214,0.0458150014556013,True,False
COMPLETED,0.73,20.0,3939,3711,4.008544778400101,0.0072017529271543,True,False
COMPLETED,0.73,22.0,599,3462,1.1157237526979298,0.0169375391067005,True,False
COMPLETED,0.74,5327.0,2314,4188,5.499679191591219,0.0146496536755003,False,True
COMPLETED,0.75,2015.0,363,1920,5.257937699542381,0.0329840883011929,False,True
COMPLETED,0.73,1.0,228,311,9.113001944698391,0.0023272187653929,False,False
COMPLETED,0.73,26.0,3208,3033,7.971464045506903,0.029449262951035,True,False
COMPLETED,0.73,27.0,2989,2392,7.32752500429377,0.0358147768173366,True,False
COMPLETED,0.74,1339.0,1056,976,8.915835025692358,0.0490392087250948,False,True
COMPLETED,0.73,1.0,353,3696,9.85851277931966,0.0234370355913415,False,False
COMPLETED,0.73,31.0,1525,2318,7.559408482841217,0.0378252897043712,True,False
COMPLETED,0.75,2672.0,4767,2574,4.216582199431025,0.0408849294614046,True,True
COMPLETED,0.74,2500.0,2914,3304,1.3116813119640574,0.0137197540933266,False,True
COMPLETED,0.73,20.0,839,3804,7.962133769042791,0.0097534094206057,True,False
COMPLETED,0.75,355.0,4724,568,1.7144638129025698,0.0334771338608115,False,True
COMPLETED,0.74,4415.0,4302,4307,9.128173423025755,0.0344779796190559,False,True
COMPLETED,0.73,7.0,2693,1764,0.5630565578350798,0.028442494942341,True,False
COMPLETED,0.75,5134.0,4003,4929,3.608716574930586,0.0271054823626764,False,True
COMPLETED,0.74,2606.0,291,1533,8.264027924485504,0.0318751232088543,True,True
COMPLETED,0.74,3089.0,2400,4264,4.226227436317132,0.0211294287489727,True,True
COMPLETED,0.75,514.0,498,594,8.087123179925605,0.0179560839869082,False,True
COMPLETED,0.73,20.0,417,4008,3.325236177989282,0.033124943899922,True,False
COMPLETED,0.73,36.0,1904,1741,9.169262404265814,0.0191183724296279,True,False
FAILED,nan,nan,1,2,10,0.0324228782265269,True,True
FAILED,nan,nan,1,2,0.001,0.0165256527306995,True,True
FAILED,nan,nan,1,2,10,0.032187731067149,True,True
FAILED,nan,nan,1,2,10,0.0338158199342003,True,True
FAILED,nan,nan,5000,2,10,0.0399210419785543,True,True
FAILED,nan,nan,1,2,9.07847279288774,0.0223416298128763,True,True
FAILED,nan,nan,1,2,10,0.0370858315462699,True,True
FAILED,nan,nan,5000,2,4.7006093408751655,0.05,True,True
FAILED,nan,nan,1,2,2.7456516911502917,0.05,True,True
FAILED,nan,nan,5000,2,3.8562788944815294,0.05,True,True
FAILED,nan,nan,1,2,0.6268688999623402,0.05,True,True
FAILED,nan,nan,5000,2,4.621334059017011,0.05,True,True
FAILED,nan,nan,1,2,0.3822435424611978,0.05,True,True
FAILED,nan,nan,5000,2,2.9930532629418787,0.0376767840143229,False,True
FAILED,nan,nan,5000,2,4.467829832481403,0.05,True,True
FAILED,nan,nan,5000,2,7.523693613615257,0.034028710705346,True,True
FAILED,nan,nan,1,2,9.315287523875211,0.0308735618130428,True,True
FAILED,nan,nan,1,2,9.777519337699877,0.0312020914885086,True,True
FAILED,nan,nan,5000,2,4.141921635857683,0.05,True,True
FAILED,nan,nan,1,2,9.875323104927295,0.0295756068569595,True,True
FAILED,nan,nan,5000,2,0.001,0.0348891264329893,False,True
FAILED,nan,nan,5000,2,0.0010129439267958,0.0358648216706095,False,True
FAILED,nan,nan,1,2,10,0.0292848726310583,True,True
FAILED,nan,nan,5000,2,0.145058639060623,0.0350151920735319,False,True
FAILED,nan,nan,5000,2,5.169150742535591,0.0328183622753897,True,True
FAILED,nan,nan,5000,2,0.001,0.035790049881289,False,True
FAILED,nan,nan,1,2,7.327718581012375,0.05,False,True
FAILED,nan,nan,5000,2,1.0411851098498002,0.0350452551277948,False,True
FAILED,nan,nan,5000,2,1.7087525145000122,0.0346996677527983,False,True
FAILED,nan,nan,1,2,0.7260937957074615,0.05,False,True
FAILED,nan,nan,1,2,8.634247310727751,0.0369387721238816,False,True
FAILED,nan,nan,5000,2,5.524061655574911,0.0328595607692052,True,True
FAILED,nan,nan,5000,2,3.708047453250484,0.0362050609493499,False,True
FAILED,nan,nan,1,2,8.774277793374711,0.037469158095595,False,True
FAILED,nan,nan,1,2,9.4377887274547,0.0272593611672765,True,True
FAILED,nan,nan,5000,2,5.931804121711262,0.0348572261588073,True,True
FAILED,nan,nan,1,2,4.818656166495789,0.05,False,True
FAILED,nan,nan,5000,2,0.124644232030104,0.0338928438140663,False,True
FAILED,nan,nan,1,2,9.861501803358456,0.0386695074435854,False,True
FAILED,nan,nan,5000,2,3.2903449221556067,0.0355569260119389,False,True
FAILED,nan,nan,1,2,9.98686139129413,0.035626332732996,False,True
FAILED,nan,nan,5000,2,2.5925746291530323,0.035336471688483,False,True
FAILED,nan,nan,1,2,0.569112226690913,0.05,False,True
FAILED,nan,nan,1,2,9.406368412953809,0.0296887677929618,True,True
FAILED,nan,nan,1,2,2.351007350916005,0.05,False,True
FAILED,nan,nan,1,2,9.964876031820436,0.030015557305955,True,True
FAILED,nan,nan,5000,2,0.001,0.0337977415674135,False,True
FAILED,nan,nan,5000,2,5.9635803075446905,0.0330383562455995,True,True
FAILED,nan,nan,1,2,8.983031788279039,0.0284015427030825,True,True
FAILED,nan,nan,5000,2,0.3652483920276843,0.034247635984773,False,True
FAILED,nan,nan,1,2,3.023881725465053,0.05,False,True
FAILED,nan,nan,1,2,9.869512052001234,0.0315598534207087,True,True
FAILED,nan,nan,5000,2,5.633033043224467,0.0371437483801911,False,True
FAILED,nan,nan,5000,2,2.909175087484364,0.0353427255155385,False,True
FAILED,nan,nan,5000,2,5.884405268053095,0.0323324881148003,True,True
FAILED,nan,nan,1,2,9.511783715661268,0.0296130948819275,True,True
FAILED,nan,nan,5000,2,3.214665744352086,0.036649887101401,False,True
FAILED,nan,nan,1,2,3.064755026261301,0.05,True,True
FAILED,nan,nan,1,2,3.4495012208547893,0.05,True,True
FAILED,nan,nan,5000,2,0.001,0.0359043142233006,False,True
FAILED,nan,nan,1,2,3.615246130568953,0.05,True,True
FAILED,nan,nan,5000,2,0.001,0.0391537338454903,False,True
FAILED,nan,nan,1,2,0.001,0.0358259384330647,False,True
FAILED,nan,nan,1,2,3.4527544680430933,0.05,True,True
FAILED,nan,nan,1,2,4.648528385015827,0.0371696684067255,False,True
FAILED,nan,nan,1,2,2.922353922814333,0.05,True,True
FAILED,nan,nan,1,2,3.5272642908703267,0.05,True,True
FAILED,nan,nan,1,2,9.828389615024662,0.05,False,True
FAILED,nan,nan,1,2,0.001,0.0368947043234222,False,True
FAILED,nan,nan,5000,2,0.001,0.0350946638345577,False,True
FAILED,nan,nan,5000,2,0.001,0.0386633404412294,False,True
FAILED,nan,nan,1,2,3.4699569047771357,0.05,True,True
FAILED,nan,nan,1,2,3.815443796697857,0.05,True,True
FAILED,nan,nan,1,2,0.001,0.0368099093206418,False,True
FAILED,nan,nan,1,2,3.674552422483858,0.0366694946637155,False,True
FAILED,nan,nan,1,2,3.217427293443338,0.0348889660291468,False,True
FAILED,nan,nan,1,2,10,0.0356930779927295,False,True
FAILED,nan,nan,5000,2,2.098281757638468,0.0371334411251899,False,True
FAILED,nan,nan,1,2,3.164853687481898,0.05,True,True
FAILED,nan,nan,1,2,3.688109452674135,0.05,True,True
FAILED,nan,nan,5000,2,4.941853017405316,0.0423840888132769,False,True
FAILED,nan,nan,1,2,3.1396384896197587,0.05,True,True
FAILED,nan,nan,1,2,3.663269413813614,0.05,True,True
FAILED,nan,nan,5000,2,1.5410289301873186,0.0332076090395525,False,True
FAILED,nan,nan,1,2,3.1747344738035013,0.05,True,True
FAILED,nan,nan,1,2,3.978117389056942,0.05,True,True
FAILED,nan,nan,4754,3,0.4266587056906186,0.0389711312697805,False,True
FAILED,nan,nan,4754,3,0.5311194064527971,0.0276603376844358,True,True
FAILED,nan,nan,1,2,3.3713920991156963,0.05,True,True
FAILED,nan,nan,1,2,3.21021654877269,0.05,True,True
FAILED,nan,nan,5000,2,0.001,0.032673552792683,True,True
FAILED,nan,nan,1,2,3.699952605230325,0.05,True,True
FAILED,nan,nan,1,2,3.4536988303002323,0.05,True,True
FAILED,nan,nan,1,2,3.985815189862798,0.05,True,True
FAILED,nan,nan,1,2,3.2894203076645483,0.05,True,True
FAILED,nan,nan,1,2,3.574546505967833,0.05,True,True
FAILED,nan,nan,1,2,8.532496432814787,0.05,False,True
FAILED,nan,nan,1,2,3.906087145729623,0.05,True,True
FAILED,nan,nan,1,2,3.422920976857885,0.05,True,True
FAILED,nan,nan,5000,2,4.668081817598538,0.05,False,True
FAILED,nan,nan,1,2,3.900703521666413,0.05,True,True
FAILED,nan,nan,1,2,3.3520705037109413,0.05,True,True
FAILED,nan,nan,1,2,3.686293128383554,0.05,True,True
FAILED,nan,nan,1,2,3.620273936159574,0.05,True,True
FAILED,nan,nan,1,2,3.736124683962526,0.05,True,True
FAILED,nan,nan,1,2,3.493725747126018,0.05,True,True
FAILED,nan,nan,5000,2,1.3007526835372518,0.0394753482577044,False,True
FAILED,nan,nan,1,2,3.780696547826677,0.05,True,True
FAILED,nan,nan,1,2,3.526820065567381,0.05,True,True
FAILED,nan,nan,1,2,2.896427578600721,0.05,False,True
FAILED,nan,nan,1,2,3.5244832838455027,0.05,True,True
FAILED,nan,nan,5000,2,0.001,0.0331128376499091,True,True
FAILED,nan,nan,1,2,3.804060922687186,0.05,True,True
FAILED,nan,nan,1,2,2.2638092728586936,0.05,False,True
FAILED,nan,nan,1,2,3.697433030165994,0.05,True,True
FAILED,nan,nan,1,2,3.1530949053112787,0.05,True,True
FAILED,nan,nan,5000,2,1.7645055460467294,0.0373208439713628,False,True
FAILED,nan,nan,1,2,3.775143512424814,0.05,False,True
FAILED,nan,nan,5000,2,3.979466375747377,0.041145081150392,False,True
FAILED,nan,nan,1,2,3.859696810322794,0.05,True,True
FAILED,nan,nan,1,2,3.525583262613988,0.05,True,True
FAILED,nan,nan,1,2,3.882530191820222,0.05,True,True
FAILED,nan,nan,1,2,3.442579698343373,0.05,True,True
FAILED,nan,nan,1,2,3.949085120743414,0.05,True,True
FAILED,nan,nan,1,2,3.702097508065205,0.05,True,True
FAILED,nan,nan,1,2,3.7370812221114234,0.05,True,True
FAILED,nan,nan,5000,2,3.033859814168642,0.0389801768864488,False,True
FAILED,nan,nan,5000,2,1.268751603544357,0.0348013693795498,False,True
FAILED,nan,nan,1,2,3.65793366671589,0.05,False,True
FAILED,nan,nan,1,2,3.675228790882264,0.05,True,True
FAILED,nan,nan,5000,2,3.476864866110361,0.0387275544526032,False,True
FAILED,nan,nan,1,2,9.704614311334444,0.05,False,True
FAILED,nan,nan,1,2,3.66141931132403,0.05,True,True
FAILED,nan,nan,1,2,3.651183665244791,0.05,True,True
FAILED,nan,nan,5000,2,0.001,0.0371246807991888,False,True
FAILED,nan,nan,5000,2,0.7606775755238412,0.035709784974509,False,True
FAILED,nan,nan,5000,2,9.360016163620484,0.0328961153860763,False,True
FAILED,nan,nan,1,2,3.613084698165842,0.05,True,True
FAILED,nan,nan,1,2,3.703512252273998,0.05,True,True
FAILED,nan,nan,1,2,3.248098451384393,0.05,True,True
FAILED,nan,nan,1,2,7.877016546422679,0.05,True,True
FAILED,nan,nan,1,2,9.943734481852276,0.05,False,True
FAILED,nan,nan,1,2,3.828801971838601,0.05,True,True
FAILED,nan,nan,1,2,3.821793396447229,0.0208149101515805,True,True
FAILED,nan,nan,1,2,3.780880105517547,0.05,True,True
FAILED,nan,nan,5000,2,4.073718960694468,0.0383947617155019,False,True
FAILED,nan,nan,1,2,3.2581802859614277,0.05,False,True
FAILED,nan,nan,1,2,3.655063365990693,0.05,True,True
FAILED,nan,nan,1,2,3.195673026295957,0.05,True,True
FAILED,nan,nan,1,2,4.687652667139274,0.05,False,True
FAILED,nan,nan,1,2,3.077912411763494,0.05,False,True
FAILED,nan,nan,1,2,3.766163180694275,0.05,True,True
FAILED,nan,nan,1,2,8.730848365939336,0.05,False,True
FAILED,nan,nan,1,2,4.197485514065611,0.05,True,True
FAILED,nan,nan,1,2,3.510176933459838,0.05,True,True
FAILED,nan,nan,1,2,3.5087413385726203,0.05,True,True
FAILED,nan,nan,1,2,3.682961054691026,0.05,True,True
FAILED,nan,nan,5000,2,2.6754623716712427,0.0339770139590863,True,True
FAILED,nan,nan,1,2,3.701326286230259,0.05,True,True
FAILED,nan,nan,5000,2,0.001,0.0349201214166738,False,True
FAILED,nan,nan,1,2,2.80261793743998,0.05,True,True
FAILED,nan,nan,1,2,3.859961878799841,0.05,True,True
FAILED,nan,nan,1,2,3.595345057319449,0.05,True,True
FAILED,nan,nan,5000,2,1.4456568657085838,0.0315815229290207,False,True
FAILED,nan,nan,5000,2,3.688452288124033,0.0379063779006524,False,True
FAILED,nan,nan,1,2,2.865196451797657,0.05,True,True
FAILED,nan,nan,1,2,3.255129477711738,0.05,True,True
FAILED,nan,nan,1,2,3.902762770521346,0.05,False,True
FAILED,nan,nan,1,2,3.798850974821718,0.05,True,True
FAILED,nan,nan,5000,2,3.419630506322362,0.0373559858626769,True,True
FAILED,nan,nan,1,2,3.818278405442574,0.05,True,True
FAILED,nan,nan,1,2,7.730228677271467,0.05,False,True
FAILED,nan,nan,1,2,1.7612273627391566,0.0233328912932471,True,True
FAILED,nan,nan,1,2,2.816588318111445,0.05,True,True
FAILED,nan,nan,1,2,3.220067573642609,0.05,True,True
FAILED,nan,nan,1,2,5.253715438089746,0.05,False,True
FAILED,nan,nan,1,2,9.947752616924555,0.05,False,True
FAILED,nan,nan,1,2,3.65776825088533,0.05,True,True
FAILED,nan,nan,1,2,3.5458514630461613,0.05,True,True
FAILED,nan,nan,5000,2,3.054932799661849,0.0390972218819369,False,True
FAILED,nan,nan,1,2,3.441665623281001,0.05,True,True
FAILED,nan,nan,1,2,3.722811948144553,0.05,False,True
FAILED,nan,nan,1,2,3.3637224381440163,0.05,True,True
FAILED,nan,nan,1,2,3.217097314216957,0.05,True,True
FAILED,nan,nan,5000,2,5.146462566678818,0.0361037778295099,False,True
FAILED,nan,nan,1,2,3.898169994819507,0.05,True,True
FAILED,nan,nan,1,2,3.872979335679098,0.05,True,True
FAILED,nan,nan,1,2,3.792692643260327,0.05,True,True
FAILED,nan,nan,1,2,3.724442355556498,0.05,True,True
FAILED,nan,nan,5000,2,4.126370794572925,0.0339235575276568,False,True
FAILED,nan,nan,5000,2,0.001,0.0344482806620487,False,True
FAILED,nan,nan,1,2,3.4645741645657733,0.05,False,True
FAILED,nan,nan,1,2,3.888876995055449,0.05,True,True
FAILED,nan,nan,1,2,3.470197307472381,0.05,True,True
FAILED,nan,nan,1,2,3.898092301824381,0.05,True,True
FAILED,nan,nan,5000,2,7.231925048177433,0.0395140752354973,False,True
FAILED,nan,nan,5000,2,0.001,0.0334137830709881,False,True
FAILED,nan,nan,1,2,0.2065634410743684,0.05,False,True
FAILED,nan,nan,1,2,3.7001014880166654,0.05,True,True
FAILED,nan,nan,1,2,4.218992540073709,0.05,True,True
FAILED,nan,nan,1,2,3.687849551137102,0.05,True,True
FAILED,nan,nan,5000,2,0.001,0.0358390006661544,False,True
FAILED,nan,nan,1,2,3.423703700066914,0.05,True,True
FAILED,nan,nan,1,2,2.901526235465313,0.05,True,True
FAILED,nan,nan,5000,2,3.818159360583869,0.0376654260194843,False,True
FAILED,nan,nan,1,2,3.813988852081252,0.05,True,True
FAILED,nan,nan,1,2,3.835899630592179,0.05,True,True
FAILED,nan,nan,5000,2,3.127359637731586,0.0374545112993827,True,True
FAILED,nan,nan,1,2,3.525668213487128,0.05,True,True
FAILED,nan,nan,1,2,3.629707816014017,0.05,True,True
FAILED,nan,nan,1,2,3.4200187210155253,0.05,False,True
FAILED,nan,nan,1,2,2.632608180713918,0.05,True,True
FAILED,nan,nan,5000,2,1.8724198458130248,0.0370755459595947,False,True
FAILED,nan,nan,1,2,3.752428956761771,0.05,True,True
FAILED,nan,nan,1,2,1.3830434191011365,0.05,False,True
FAILED,nan,nan,1,2,4.108571046269387,0.05,True,True
FAILED,nan,nan,1,2,3.818554498280451,0.05,True,True
FAILED,nan,nan,1,2,3.786609299728914,0.05,True,True
FAILED,nan,nan,1,2,3.724233712166067,0.05,True,True
FAILED,nan,nan,1,2,3.784870088071323,0.05,True,True
FAILED,nan,nan,1,2,3.544409914553605,0.05,True,True
FAILED,nan,nan,1,2,7.436137474827441,0.05,False,True
FAILED,nan,nan,5000,2,1.572256741316205,0.0382778845623496,False,True
FAILED,nan,nan,5000,2,2.761101390560309,0.0396957565453274,False,True
FAILED,nan,nan,1,2,3.5313642660164253,0.05,True,True
FAILED,nan,nan,1,2,3.692368988508402,0.05,True,True
FAILED,nan,nan,1,2,1.6396616139794582,0.05,False,True
FAILED,nan,nan,1,2,3.832789414361976,0.05,True,True
FAILED,nan,nan,1,2,3.549006774953597,0.05,True,True
FAILED,nan,nan,5000,2,4.184460993233091,0.0386952511204739,False,True
FAILED,nan,nan,1,2,3.883866026142013,0.05,True,True
FAILED,nan,nan,1,2,3.522283462405237,0.05,True,True
FAILED,nan,nan,1,2,3.920449102593293,0.05,True,True
FAILED,nan,nan,1,2,3.308034229695965,0.05,True,True
FAILED,nan,nan,1,2,9.277516764929652,0.05,True,True
FAILED,nan,nan,1,2,3.703425539392005,0.05,True,True
FAILED,nan,nan,5000,2,3.420437708942825,0.0403185730130309,True,True
FAILED,nan,nan,1,2,3.8320059408734455,0.05,True,True
FAILED,nan,nan,1,2,3.5471677077339643,0.05,True,True
FAILED,nan,nan,5000,2,3.812066061185683,0.05,True,True
FAILED,nan,nan,1,2,3.944824897600073,0.05,True,True
FAILED,nan,nan,5000,2,1.892808130399154,0.05,False,True
FAILED,nan,nan,1,2,2.0818022330567763,0.05,False,True
FAILED,nan,nan,1,2,3.535330638166112,0.05,True,True
FAILED,nan,nan,1,2,6.716058917183737,0.05,False,True
FAILED,nan,nan,1,2,3.804176070277085,0.05,True,True
FAILED,nan,nan,1,2,0.2921542587893743,0.05,False,True
FAILED,nan,nan,1,2,4.2149568087260905,0.05,True,True
FAILED,nan,nan,1,2,7.146032858422887,0.05,True,True
FAILED,nan,nan,1,2,3.628076550666807,0.05,True,True
FAILED,nan,nan,1,2,3.055148189278938,0.05,True,True
FAILED,nan,nan,1,2,9.637524869725956,0.05,False,True
FAILED,nan,nan,1,2,0.8855683640093135,0.05,False,True
FAILED,nan,nan,1,2,3.685500614143396,0.05,True,True
FAILED,nan,nan,1,2,3.0507082364389597,0.05,True,True
FAILED,nan,nan,5000,2,2.184351856339437,0.0379052225221306,False,True
FAILED,nan,nan,1,2,5.879575142983167,0.05,False,True
FAILED,nan,nan,1,2,3.781947374335938,0.05,True,True
FAILED,nan,nan,1,2,2.7425504454234573,0.05,True,True
FAILED,nan,nan,1,2,2.69275195267611,0.05,True,True
FAILED,nan,nan,1,2,0.3608912753067864,0.05,False,True
FAILED,nan,nan,1,2,3.842474115774104,0.05,True,True
FAILED,nan,nan,1,2,4.558423748513429,0.05,True,True
FAILED,nan,nan,1,2,6.800437202372066,0.05,False,True
FAILED,nan,nan,1,2,3.831643054379438,0.05,True,True
FAILED,nan,nan,5000,2,7.533029217298281,0.0391944972008307,False,True
FAILED,nan,nan,1,2,9.88585679505901,0.05,False,True
FAILED,nan,nan,5000,2,1.7712988031284125,0.0345101802400251,False,True
FAILED,nan,nan,1,2,3.446606779331158,0.05,True,True
FAILED,nan,nan,1,2,3.68108922265673,0.05,True,True
FAILED,nan,nan,1,2,3.8188809821002714,0.05,True,True
FAILED,nan,nan,1,2,9.780619748302142,0.05,False,True
FAILED,nan,nan,1,2,3.976673626189939,0.05,True,True
FAILED,nan,nan,1,2,3.2964771299546123,0.05,True,True
FAILED,nan,nan,1,2,3.015230501111648,0.05,True,True
FAILED,nan,nan,1,2,3.205676524998613,0.05,False,True
FAILED,nan,nan,1,2,3.6802558748694953,0.05,True,True
FAILED,nan,nan,1,2,3.631722945762589,0.05,True,True
FAILED,nan,nan,1,2,2.9925203195880723,0.05,True,True
FAILED,nan,nan,1,2,3.24429703792769,0.05,True,True
FAILED,nan,nan,1,2,3.610328530641979,0.05,True,True
FAILED,nan,nan,1,2,3.351930905130562,0.05,False,True
FAILED,nan,nan,1,2,3.764676875450464,0.05,True,True
FAILED,nan,nan,1,2,1.6042047774535937,0.05,False,True
FAILED,nan,nan,1,2,3.758483997942525,0.05,True,True
FAILED,nan,nan,1,2,4.074189719498317,0.05,True,True
FAILED,nan,nan,1,2,3.474040699084269,0.05,True,True
FAILED,nan,nan,5000,2,0.001,0.0329373672175768,False,True
FAILED,nan,nan,5000,2,0.001,0.0330526717281325,False,True
FAILED,nan,nan,1,2,0.4634510826425249,0.05,False,True
FAILED,nan,nan,1,2,3.114425898813453,0.05,False,True
FAILED,nan,nan,1,2,3.754218179519178,0.05,True,True
FAILED,nan,nan,5000,2,0.001,0.034348968156609,False,True
FAILED,nan,nan,1,2,3.819115218469842,0.05,True,True
FAILED,nan,nan,1,2,1.0603988511112086,0.05,False,True
FAILED,nan,nan,1,2,0.7647617181267226,0.05,False,True
FAILED,nan,nan,1,2,3.664286676897219,0.05,True,True
FAILED,nan,nan,1,2,3.735591465077656,0.05,True,True
FAILED,nan,nan,1,2,2.8624979331721403,0.05,True,True
FAILED,nan,nan,1,2,9.52312332832215,0.05,False,True
FAILED,nan,nan,5000,2,2.489410164731814,0.0368068155978763,False,True
FAILED,nan,nan,1,2,3.709502399629003,0.05,True,True
FAILED,nan,nan,5000,2,0.001,0.0360016633328093,True,True
FAILED,nan,nan,1,2,3.5014246785154333,0.05,True,True
FAILED,nan,nan,1,2,3.683610567419918,0.05,True,True
FAILED,nan,nan,5000,2,0.287711394436819,0.0357845903549933,False,True
FAILED,nan,nan,1,2,4.37735953411609,0.05,True,True
FAILED,nan,nan,1,2,3.083776976684054,0.05,True,True
FAILED,nan,nan,1,2,9.379670473612933,0.05,False,True
FAILED,nan,nan,1,2,7.732969238616485,0.05,False,True
FAILED,nan,nan,1,2,3.7809404207434985,0.05,False,True
FAILED,nan,nan,1,2,3.693615916508771,0.05,True,True
FAILED,nan,nan,5000,2,0.001,0.0316815348347674,False,True
FAILED,nan,nan,5000,2,1.1232105188781634,0.0331411924247447,False,True
FAILED,nan,nan,1,2,4.10668647073553,0.05,True,True
FAILED,nan,nan,1,2,2.449898711846402,0.05,False,True
FAILED,nan,nan,1,2,1.7112171908707126,0.0238977685003185,True,True
FAILED,nan,nan,1,2,3.2176307345260757,0.05,True,True
FAILED,nan,nan,1,2,3.6886302794662154,0.05,True,True
FAILED,nan,nan,5000,2,3.4278013361798787,0.0393842414937318,True,True
FAILED,nan,nan,1,2,3.378751580854533,0.05,False,True
FAILED,nan,nan,1,2,9.912420550321588,0.05,True,True
FAILED,nan,nan,5000,2,7.406157997434743,0.040036698882834,False,True
FAILED,nan,nan,1,2,3.0319892084822637,0.05,True,True
FAILED,nan,nan,5000,2,3.4900198985960547,0.0388581604874517,True,True
FAILED,nan,nan,1,2,3.3548757096844213,0.05,True,True
FAILED,nan,nan,1,2,4.030152894296029,0.05,True,True
FAILED,nan,nan,1,2,3.816778319148049,0.05,True,True
FAILED,nan,nan,1,2,3.661280943487985,0.05,True,True
FAILED,nan,nan,5000,2,0.001,0.0306410936816356,True,True
FAILED,nan,nan,1,2,2.9794074899961176,0.05,True,True
FAILED,nan,nan,1,2,3.779765270789273,0.05,True,True
FAILED,nan,nan,5000,2,0.001,0.0341617016204243,False,True
FAILED,nan,nan,1,2,3.54353986819347,0.05,True,True
FAILED,nan,nan,1,2,9.613843070266348,0.05,False,True
FAILED,nan,nan,1,2,3.5897034561985213,0.05,True,True
FAILED,nan,nan,1,2,0.4619844535141713,0.05,False,True
FAILED,nan,nan,1,2,3.854828762002122,0.05,True,True
FAILED,nan,nan,1,2,3.74170030930821,0.05,True,True
FAILED,nan,nan,1,2,3.65600524534669,0.05,True,True
FAILED,nan,nan,1,2,6.0957523305541415,0.05,False,True
FAILED,nan,nan,5000,2,7.89151965694247,0.0400773095419324,False,True
FAILED,nan,nan,1,2,3.836873864311181,0.05,True,True
FAILED,nan,nan,1,2,3.729017267297702,0.05,True,True
FAILED,nan,nan,1,2,3.633270429020174,0.05,True,True
FAILED,nan,nan,1,2,4.434556269358122,0.05,False,True
FAILED,nan,nan,1,2,3.586184007534938,0.05,True,True
FAILED,nan,nan,1,2,3.634289860688337,0.05,True,True
FAILED,nan,nan,1,2,5.549045970294897,0.05,False,True
FAILED,nan,nan,1,2,3.037667004389965,0.05,True,True
FAILED,nan,nan,1,2,3.205835125932306,0.05,True,True
FAILED,nan,nan,1,2,3.856990057529134,0.05,True,True
FAILED,nan,nan,1,2,3.320479859319437,0.05,True,True
FAILED,nan,nan,5000,2,0.001,0.0328945071822686,False,True
FAILED,nan,nan,1,2,0.6723142553008328,0.05,False,True
FAILED,nan,nan,1,2,2.9923404020094813,0.05,True,True
FAILED,nan,nan,1,2,2.378469140378621,0.05,False,True
FAILED,nan,nan,5000,2,0.001,0.0341940018252484,False,True
FAILED,nan,nan,1,2,3.655753460678926,0.05,True,True
FAILED,nan,nan,1,2,3.542421894802458,0.05,True,True
FAILED,nan,nan,1,2,4.290894638345186,0.05,False,True
FAILED,nan,nan,1,2,3.874428211306639,0.05,True,True
FAILED,nan,nan,1,2,3.123458063884981,0.05,True,True
FAILED,nan,nan,1,2,3.616432529983942,0.05,True,True
FAILED,nan,nan,1,2,2.3384470815853176,0.05,True,True
FAILED,nan,nan,1,2,1.1118047409206322,0.05,False,True
FAILED,nan,nan,1,2,3.819820006120341,0.05,True,True
FAILED,nan,nan,1,2,3.545937701117713,0.05,True,True
FAILED,nan,nan,1,2,7.446827482463003,0.05,False,True
FAILED,nan,nan,1,2,7.030484920549955,0.05,False,True
FAILED,nan,nan,1,2,3.621839974379762,0.05,True,True
FAILED,nan,nan,1,2,3.452097691984981,0.05,True,True
FAILED,nan,nan,1,2,8.632683821853059,0.05,False,True
FAILED,nan,nan,1,2,0.7272878443311126,0.05,False,True
FAILED,nan,nan,1,2,3.481715177359242,0.05,True,True
FAILED,nan,nan,1,2,3.2749123063365357,0.05,True,True
FAILED,nan,nan,1,2,3.3377673590515853,0.05,True,True
FAILED,nan,nan,1,2,7.741653284703559,0.05,False,True
FAILED,nan,nan,1,2,2.747560574657513,0.05,False,True
FAILED,nan,nan,1,2,4.068283512431711,0.05,True,True
FAILED,nan,nan,5000,2,3.520964842234957,0.0375725856524956,True,True
FAILED,nan,nan,1,2,3.7669341081488135,0.05,False,True
FAILED,nan,nan,1,2,9.372536879532644,0.05,False,True
FAILED,nan,nan,1,2,3.507607098628321,0.05,True,True
FAILED,nan,nan,1,2,4.623409196762971,0.05,False,True
FAILED,nan,nan,1,2,4.230654511155581,0.05,False,True
