2025-03-03 09:43:02, 1, 1
2025-03-03 09:43:08, 1, 1
