trial_index,arm_name,trial_status,generation_node,ACCURACY,RUNTIME,REQLABELS,recent_samples_size,n_samples,n_permutations,update_interval,n_consecutive_deviations
0,0_0,COMPLETED,SOBOL,0.409999999999999975575093458247,143.000000000000000000000000000000,0.020000000000000000416333634234,1906,2343,168,125,20
1,1_0,COMPLETED,SOBOL,0.309999999999999997779553950750,170.000000000000000000000000000000,0.040000000000000000832667268469,2945,3285,657,210,202
2,2_0,ABANDONED,SOBOL,,,,3927,6,420,48,183
3,3_0,COMPLETED,SOBOL,0.299999999999999988897769753748,253.000000000000000000000000000000,0.020000000000000000416333634234,1218,4366,913,133,101
4,4_0,COMPLETED,SOBOL,0.320000000000000006661338147751,54.000000000000000000000000000000,0.000000000000000000000000000000,62,875,605,162,65
5,5_0,COMPLETED,SOBOL,0.320000000000000006661338147751,105.000000000000000000000000000000,0.000000000000000000000000000000,3355,1786,857,240,228
6,6_0,COMPLETED,SOBOL,0.369999999999999995559107901499,170.000000000000000000000000000000,0.020000000000000000416333634234,1816,2591,351,92,52
7,7_0,ABANDONED,SOBOL,,,,1277,468,779,27,208
8,8_0,COMPLETED,SOBOL,0.380000000000000004440892098501,267.000000000000000000000000000000,0.140000000000000013322676295502,3556,3910,273,174,10
9,9_0,ABANDONED,SOBOL,,,,4566,1882,526,72,122
10,10_0,COMPLETED,SOBOL,0.320000000000000006661338147751,91.000000000000000000000000000000,0.000000000000000000000000000000,702,1500,466,192,132
11,11_0,COMPLETED,SOBOL,0.349999999999999977795539507497,207.000000000000000000000000000000,0.040000000000000000832667268469,4155,2872,960,106,90
12,12_0,COMPLETED,SOBOL,0.320000000000000006661338147751,68.000000000000000000000000000000,0.000000000000000000000000000000,2724,1161,214,144,46
13,13_0,ABANDONED,SOBOL,,,,2425,4466,704,58,238
14,14_0,COMPLETED,SOBOL,0.320000000000000006661338147751,61.000000000000000000000000000000,0.050000000000000002775557561563,2200,989,312,243,107
15,15_0,ABANDONED,SOBOL,,,,2653,4638,802,80,173
16,16_0,ABANDONED,SOBOL,,,,925,3024,550,3,26
17,17_0,ABANDONED,SOBOL,,,,355,2061,999,35,62
18,18_0,ABANDONED,SOBOL,,,,4483,3561,490,136,222
19,19_0,ABANDONED,SOBOL,,,,3647,589,743,114,147
20,20_0,COMPLETED,SOBOL,0.289999999999999980015985556747,186.000000000000000000000000000000,0.040000000000000000832667268469,1522,3788,238,215,75
21,21_0,ABANDONED,SOBOL,,,,1569,1615,634,156,168
22,22_0,ABANDONED,SOBOL,,,,3262,2762,129,56,116
23,23_0,COMPLETED,SOBOL,0.609999999999999986677323704498,284.000000000000000000000000000000,1.000000000000000000000000000000,4860,723,890,202,4
24,24_0,ABANDONED,SOBOL,,,,305,4899,381,101,218
25,25_0,COMPLETED,SOBOL,0.450000000000000011102230246252,288.000000000000000000000000000000,0.299999999999999988897769753748,3862,4186,565,233,36
26,26_0,ABANDONED,SOBOL,,,,3018,2464,328,21,80
27,27_0,COMPLETED,SOBOL,0.320000000000000006661338147751,165.000000000000000000000000000000,0.029999999999999998889776975375,2133,3163,818,185,138
28,28_0,COMPLETED,SOBOL,0.359999999999999986677323704498,22.000000000000000000000000000000,0.609999999999999986677323704498,2036,93,510,219,48
29,29_0,ABANDONED,SOBOL,,,,3764,2254,766,141,150
30,30_0,ABANDONED,SOBOL,,,,1094,3373,257,39,68
31,31_0,ABANDONED,SOBOL,,,,206,1873,198,7,97
32,32_0,ABANDONED,SOBOL,,,,4958,2504,692,170,188
33,33_0,ABANDONED,SOBOL,,,,3167,787,454,84,198
34,34_0,COMPLETED,SOBOL,0.419999999999999984456877655248,276.000000000000000000000000000000,0.140000000000000013322676295502,1666,4835,943,247,23
35,35_0,ABANDONED,SOBOL,,,,1426,1968,438,181,242
36,36_0,ABANDONED,SOBOL,,,,3744,3654,928,17,42
37,37_0,COMPLETED,SOBOL,0.460000000000000019984014443253,51.000000000000000000000000000000,0.469999999999999973354647408996,4383,379,182,229,94
38,38_0,ABANDONED,SOBOL,,,,454,3998,676,65,128
39,39_0,ABANDONED,SOBOL,,,,827,1249,875,98,162
40,40_0,COMPLETED,SOBOL,0.299999999999999988897769753748,238.000000000000000000000000000000,0.050000000000000002775557561563,4319,4379,366,198,118
41,41_0,COMPLETED,SOBOL,0.320000000000000006661338147751,87.000000000000000000000000000000,0.000000000000000000000000000000,2555,1412,619,52,14
42,42_0,COMPLETED,SOBOL,0.320000000000000006661338147751,75.000000000000000000000000000000,0.000000000000000000000000000000,2369,1281,905,89,78
43,43_0,COMPLETED,SOBOL,0.299999999999999988897769753748,180.000000000000000000000000000000,0.029999999999999998889776975375,2782,3092,399,237,144
44,44_0,ABANDONED,SOBOL,,,,4095,1059,653,10,227
45,45_0,COMPLETED,SOBOL,0.299999999999999988897769753748,305.000000000000000000000000000000,0.010000000000000000208166817117,761,4569,143,158,57
46,46_0,COMPLETED,SOBOL,0.320000000000000006661338147751,47.000000000000000000000000000000,0.080000000000000001665334536938,539,521,343,129,29
47,47_0,ABANDONED,SOBOL,,,,4626,3856,836,44,189
48,48_0,COMPLETED,SOBOL,0.299999999999999988897769753748,252.000000000000000000000000000000,0.020000000000000000416333634234,1334,3492,580,121,102
49,49_0,COMPLETED,SOBOL,0.299999999999999988897769753748,265.000000000000000000000000000000,0.040000000000000000832667268469,3412,4967,533,148,84
50,50_0,COMPLETED,SOBOL,0.320000000000000006661338147751,110.000000000000000000000000000000,0.000000000000000000000000000000,4716,1684,296,110,33
51,51_0,ABANDONED,SOBOL,,,,123,2694,789,196,248
52,52_0,COMPLETED,SOBOL,0.320000000000000006661338147751,134.000000000000000000000000000000,0.000000000000000000000000000000,1158,2396,731,224,213
53,53_0,COMPLETED,SOBOL,0.349999999999999977795539507497,178.000000000000000000000000000000,0.040000000000000000832667268469,3987,3231,221,76,8
54,54_0,COMPLETED,SOBOL,0.369999999999999995559107901499,33.000000000000000000000000000000,0.260000000000000008881784197001,2888,255,983,178,113
55,55_0,ABANDONED,SOBOL,,,,1964,4117,477,31,172
56,56_0,ABANDONED,SOBOL,,,,2010,841,968,147,234
57,57_0,COMPLETED,SOBOL,0.299999999999999988897769753748,247.000000000000000000000000000000,0.040000000000000000832667268469,2847,4781,459,61,51
58,58_0,COMPLETED,SOBOL,0.340000000000000024424906541753,102.000000000000000000000000000000,0.050000000000000002775557561563,4033,1810,712,193,69
59,59_0,ABANDONED,SOBOL,,,,1117,2567,207,107,153
60,60_0,ABANDONED,SOBOL,,,,86,2191,281,79,185
61,61_0,COMPLETED,SOBOL,0.390000000000000013322676295502,183.000000000000000000000000000000,0.220000000000000001110223024625,4748,3437,771,226,95
62,62_0,COMPLETED,SOBOL,0.369999999999999995559107901499,25.000000000000000000000000000000,0.130000000000000004440892098501,3375,147,25,31,20
63,63_0,ABANDONED,SOBOL,,,,1789,4225,519,179,197
64,64_0,COMPLETED,SOBOL,0.340000000000000024424906541753,87.000000000000000000000000000000,0.050000000000000002775557561563,1371,1465,103,237,41
65,65_0,ABANDONED,SOBOL,,,,3466,2907,597,89,239
66,66_0,COMPLETED,SOBOL,0.320000000000000006661338147751,69.000000000000000000000000000000,0.000000000000000000000000000000,4663,1185,359,161,127
67,67_0,ABANDONED,SOBOL,,,,507,4442,849,12,91
68,68_0,ABANDONED,SOBOL,,,,715,316,665,41,121
69,69_0,ABANDONED,SOBOL,,,,2736,2023,921,120,207
70,70_0,COMPLETED,SOBOL,0.309999999999999997779553950750,188.000000000000000000000000000000,0.270000000000000017763568394003,2410,3600,412,205,15
71,71_0,ABANDONED,SOBOL,,,,2342,2155,573,20,143
72,72_0,COMPLETED,SOBOL,0.320000000000000006661338147751,37.000000000000000000000000000000,0.000000000000000000000000000000,4365,507,826,66,56
73,73_0,COMPLETED,SOBOL,0.309999999999999997779553950750,266.000000000000000000000000000000,0.010000000000000000208166817117,785,3870,320,230,224
74,74_0,COMPLETED,SOBOL,0.299999999999999988897769753748,245.000000000000000000000000000000,0.059999999999999997779553950750,4415,4583,626,96,30
75,75_0,COMPLETED,SOBOL,0.320000000000000006661338147751,75.000000000000000000000000000000,0.000000000000000000000000000000,3707,1305,388,149,105
76,76_0,ABANDONED,SOBOL,,,,1458,3067,882,49,179
77,77_0,COMPLETED,SOBOL,0.320000000000000006661338147751,26.000000000000000000000000000000,0.000000000000000000000000000000,1703,280,498,114,85
78,78_0,COMPLETED,SOBOL,0.309999999999999997779553950750,206.000000000000000000000000000000,0.040000000000000000832667268469,3135,4093,992,216,136
79,79_0,COMPLETED,SOBOL,0.320000000000000006661338147751,173.000000000000000000000000000000,0.000000000000000000000000000000,174,3246,735,139,36
80,80_0,COMPLETED,SOBOL,0.429999999999999993338661852249,122.000000000000000000000000000000,0.309999999999999997779553950750,1048,1669,810,171,5
81,81_0,ABANDONED,SOBOL,,,,3805,2708,305,8,213
82,82_0,COMPLETED,SOBOL,0.330000000000000015543122344752,48.000000000000000000000000000000,0.140000000000000013322676295502,3067,680,558,250,169
83,83_0,ABANDONED,SOBOL,,,,2174,1723,374,53,201
84,84_0,COMPLETED,SOBOL,0.320000000000000006661338147751,153.000000000000000000000000000000,0.029999999999999998889776975375,2971,2655,868,154,17
85,85_0,COMPLETED,SOBOL,0.320000000000000006661338147751,59.000000000000000000000000000000,0.000000000000000000000000000000,3904,929,122,101,100
86,86_0,COMPLETED,SOBOL,0.299999999999999988897769753748,307.000000000000000000000000000000,0.010000000000000000208166817117,948,4693,612,201,181
87,87_0,COMPLETED,SOBOL,0.390000000000000013322676295502,21.000000000000000000000000000000,0.059999999999999997779553950750,274,60,936,234,156
88,88_0,COMPLETED,SOBOL,0.320000000000000006661338147751,229.000000000000000000000000000000,0.050000000000000002775557561563,4896,4312,431,70,65
89,89_0,COMPLETED,SOBOL,0.320000000000000006661338147751,130.000000000000000000000000000000,0.000000000000000000000000000000,3231,2279,684,188,55
90,90_0,COMPLETED,SOBOL,0.320000000000000006661338147751,65.000000000000000000000000000000,0.000000000000000000000000000000,1553,1098,699,83,11
91,91_0,ABANDONED,SOBOL,,,,4514,1554,951,4,159
92,92_0,COMPLETED,SOBOL,0.320000000000000006661338147751,156.000000000000000000000000000000,0.000000000000000000000000000000,319,2818,446,167,125
93,93_0,ABANDONED,SOBOL,,,,4266,3687,502,34,131
94,94_0,ABANDONED,SOBOL,,,,2611,404,265,212,236
95,95_0,COMPLETED,SOBOL,0.309999999999999997779553950750,218.000000000000000000000000000000,0.029999999999999998889776975375,2247,3973,758,111,45
96,96_0,COMPLETED,SOBOL,0.320000000000000006661338147751,39.000000000000000000000000000000,0.000000000000000000000000000000,2467,574,229,175,174
97,97_0,ABANDONED,SOBOL,,,,2678,3802,723,28,109
98,98_0,COMPLETED,SOBOL,0.419999999999999984456877655248,119.000000000000000000000000000000,0.080000000000000001665334536938,4197,2086,485,223,27
99,99_0,ABANDONED,SOBOL,,,,656,3536,975,75,195
100,100_0,ABANDONED,SOBOL,,,,566,1373,541,103,219
101,101_0,ABANDONED,SOBOL,,,,3524,975,797,57,72
102,102_0,ABANDONED,SOBOL,,,,1313,4653,288,143,146
103,103_0,COMPLETED,SOBOL,0.320000000000000006661338147751,131.000000000000000000000000000000,0.000000000000000000000000000000,1847,2449,844,209,115
104,104_0,ABANDONED,SOBOL,,,,3318,3178,335,124,165
105,105_0,ABANDONED,SOBOL,,,,4806,211,588,130,217
106,106_0,COMPLETED,SOBOL,0.330000000000000015543122344752,234.000000000000000000000000000000,0.010000000000000000208166817117,25,4161,83,45,1
107,107_0,ABANDONED,SOBOL,,,,1177,748,407,16,39
108,108_0,ABANDONED,SOBOL,,,,3974,4875,897,165,246
109,109_0,ABANDONED,SOBOL,,,,2904,1600,151,93,141
110,110_0,COMPLETED,SOBOL,0.369999999999999995559107901499,159.000000000000000000000000000000,0.050000000000000002775557561563,1953,2777,645,242,81
111,111_0,ABANDONED,SOBOL,,,,1929,366,386,73,152
112,112_0,COMPLETED,SOBOL,0.309999999999999997779553950750,215.000000000000000000000000000000,0.080000000000000001665334536938,2922,4013,877,221,70
113,113_0,ABANDONED,SOBOL,,,,3953,1975,138,26,50
114,114_0,ABANDONED,SOBOL,,,,1193,3649,632,173,234
115,115_0,ABANDONED,SOBOL,,,,9,1438,824,145,197
116,116_0,COMPLETED,SOBOL,0.349999999999999977795539507497,173.000000000000000000000000000000,0.040000000000000000832667268469,4828,2937,314,59,21
117,117_0,COMPLETED,SOBOL,0.320000000000000006661338147751,71.000000000000000000000000000000,0.000000000000000000000000000000,3300,1216,575,191,94
118,118_0,ABANDONED,SOBOL,,,,1291,2241,560,47,92
119,119_0,ABANDONED,SOBOL,,,,4582,100,808,126,240
120,120_0,COMPLETED,SOBOL,0.409999999999999975575093458247,241.000000000000000000000000000000,0.040000000000000000832667268469,582,4274,299,211,40
121,121_0,COMPLETED,SOBOL,0.400000000000000022204460492503,66.000000000000000000000000000000,0.170000000000000012212453270877,640,813,248,240,16
122,122_0,ABANDONED,SOBOL,,,,4217,4812,741,91,206
123,123_0,ABANDONED,SOBOL,,,,2660,1841,496,163,164
124,124_0,ABANDONED,SOBOL,,,,2490,2539,986,15,121
125,125_0,COMPLETED,SOBOL,0.289999999999999980015985556747,147.000000000000000000000000000000,0.029999999999999998889776975375,2591,2662,521,103,56
126,126_0,COMPLETED,SOBOL,0.359999999999999986677323704498,50.000000000000000000000000000000,0.179999999999999993338661852249,4284,632,275,156,76
127,127_0,ABANDONED,SOBOL,,,,860,4993,769,55,142
128,128_0,ABANDONED,SOBOL,,,,342,251,718,22,180
129,129_0,COMPLETED,SOBOL,0.299999999999999988897769753748,233.000000000000000000000000000000,0.050000000000000002775557561563,4496,4124,209,186,104
130,130_0,COMPLETED,SOBOL,0.320000000000000006661338147751,167.000000000000000000000000000000,0.000000000000000000000000000000,3631,2412,962,68,31
131,131_0,COMPLETED,SOBOL,0.320000000000000006661338147751,216.000000000000000000000000000000,0.020000000000000000416333634234,1538,3218,457,232,191
132,132_0,COMPLETED,SOBOL,0.320000000000000006661338147751,67.000000000000000000000000000000,0.020000000000000000416333634234,1622,1094,915,165,34
133,133_0,ABANDONED,SOBOL,,,,3210,4536,410,2,250
134,134_0,COMPLETED,SOBOL,0.320000000000000006661338147751,72.000000000000000000000000000000,0.000000000000000000000000000000,4915,1257,671,244,136
135,135_0,ABANDONED,SOBOL,,,,250,3118,162,81,86
136,136_0,COMPLETED,SOBOL,0.320000000000000006661338147751,119.000000000000000000000000000000,0.000000000000000000000000000000,971,2126,353,113,111
137,137_0,COMPLETED,SOBOL,0.330000000000000015543122344752,230.000000000000000000000000000000,0.050000000000000002775557561563,3885,3499,847,214,169
138,138_0,COMPLETED,SOBOL,0.349999999999999977795539507497,244.000000000000000000000000000000,0.239999999999999991118215802999,2158,3843,599,138,6
139,139_0,COMPLETED,SOBOL,0.320000000000000006661338147751,106.000000000000000000000000000000,0.000000000000000000000000000000,2098,1906,791,228,181
140,140_0,ABANDONED,SOBOL,,,,3051,3719,286,64,99
141,141_0,COMPLETED,SOBOL,0.489999999999999991118215802999,73.000000000000000000000000000000,0.670000000000000039968028886506,3829,434,547,182,18
142,142_0,ABANDONED,SOBOL,,,,193,1147,479,51,230
143,143_0,COMPLETED,SOBOL,0.330000000000000015543122344752,232.000000000000000000000000000000,0.059999999999999997779553950750,4971,4483,973,152,54
144,144_0,COMPLETED,SOBOL,0.320000000000000006661338147751,88.000000000000000000000000000000,0.000000000000000000000000000000,3151,1506,235,98,67
145,145_0,COMPLETED,SOBOL,0.320000000000000006661338147751,183.000000000000000000000000000000,0.000000000000000000000000000000,1682,2869,725,199,155
146,146_0,COMPLETED,SOBOL,0.429999999999999993338661852249,27.000000000000000000000000000000,0.179999999999999993338661852249,1478,32,157,141,124
147,147_0,ABANDONED,SOBOL,,,,3692,4344,647,40,160
148,148_0,COMPLETED,SOBOL,0.320000000000000006661338147751,145.000000000000000000000000000000,0.000000000000000000000000000000,4438,2309,401,218,210
149,149_0,COMPLETED,SOBOL,0.309999999999999997779553950750,194.000000000000000000000000000000,0.000000000000000000000000000000,399,3321,895,116,11
150,150_0,COMPLETED,SOBOL,0.320000000000000006661338147751,105.000000000000000000000000000000,0.000000000000000000000000000000,803,1772,594,85,44
151,151_0,ABANDONED,SOBOL,,,,2530,881,838,6,130
152,152_0,COMPLETED,SOBOL,0.299999999999999988897769753748,252.000000000000000000000000000000,0.029999999999999998889776975375,2322,4744,333,169,88
153,153_0,ABANDONED,SOBOL,,,,2392,720,686,109,194
154,154_0,COMPLETED,SOBOL,0.380000000000000004440892098501,267.000000000000000000000000000000,0.110000000000000000555111512313,2759,4904,180,195,27
155,155_0,ABANDONED,SOBOL,,,,4121,1631,934,63,109
156,156_0,ABANDONED,SOBOL,,,,736,2749,425,149,176
157,157_0,ABANDONED,SOBOL,,,,4679,3130,617,29,72
158,158_0,COMPLETED,SOBOL,0.530000000000000026645352591004,55.000000000000000000000000000000,0.800000000000000044408920985006,3443,164,372,224,60
159,159_0,ABANDONED,SOBOL,,,,1388,4211,861,77,221
160,160_0,COMPLETED,SOBOL,0.320000000000000006661338147751,88.000000000000000000000000000000,0.000000000000000000000000000000,1771,1345,263,10,2
161,161_0,ABANDONED,SOBOL,,,,3398,3029,752,159,216
162,162_0,COMPLETED,SOBOL,0.299999999999999988897769753748,227.000000000000000000000000000000,0.000000000000000000000000000000,106,4623,508,236,114
163,163_0,COMPLETED,SOBOL,0.369999999999999995559107901499,57.000000000000000000000000000000,0.160000000000000003330669073875,1096,625,949,207,82
164,164_0,ABANDONED,SOBOL,,,,4049,3755,440,122,140
165,165_0,ABANDONED,SOBOL,,,,2824,2039,701,128,246
166,166_0,COMPLETED,SOBOL,0.320000000000000006661338147751,181.000000000000000000000000000000,0.029999999999999998889776975375,2029,3586,196,43,38
167,167_0,COMPLETED,SOBOL,0.320000000000000006661338147751,99.000000000000000000000000000000,0.000000000000000000000000000000,1987,1531,749,160,102
168,168_0,ABANDONED,SOBOL,,,,2870,2844,240,11,182
169,169_0,COMPLETED,SOBOL,0.320000000000000006661338147751,66.000000000000000000000000000000,0.000000000000000000000000000000,4007,1132,994,239,203
170,170_0,COMPLETED,SOBOL,0.299999999999999988897769753748,240.000000000000000000000000000000,0.010000000000000000208166817117,1142,4498,488,90,19
171,171_0,COMPLETED,SOBOL,0.330000000000000015543122344752,33.000000000000000000000000000000,0.010000000000000000208166817117,138,420,62,119,53
172,172_0,ABANDONED,SOBOL,,,,4695,3960,552,204,227
173,173_0,ABANDONED,SOBOL,,,,3430,1930,307,42,154
174,174_0,COMPLETED,SOBOL,0.299999999999999988897769753748,191.000000000000000000000000000000,0.020000000000000000416333634234,1734,3694,800,127,64
175,175_0,COMPLETED,SOBOL,0.320000000000000006661338147751,57.000000000000000000000000000000,0.000000000000000000000000000000,1357,905,322,194,158
176,176_0,ABANDONED,SOBOL,,,,3480,4720,816,108,123
177,177_0,COMPLETED,SOBOL,0.349999999999999977795539507497,100.000000000000000000000000000000,0.059999999999999997779553950750,4648,1758,78,146,9
178,178_0,ABANDONED,SOBOL,,,,523,2622,568,60,209
179,179_0,ABANDONED,SOBOL,,,,777,2294,884,32,238
180,180_0,COMPLETED,SOBOL,0.390000000000000013322676295502,194.000000000000000000000000000000,0.149999999999999994448884876874,4074,3335,379,180,47
181,181_0,ABANDONED,SOBOL,,,,2801,56,640,78,88
182,182_0,COMPLETED,SOBOL,0.320000000000000006661338147751,22.000000000000000000000000000000,0.000000000000000000000000000000,2280,217,855,37,24
183,183_0,ABANDONED,SOBOL,,,,2577,4157,346,139,193
184,184_0,ABANDONED,SOBOL,,,,4301,2437,606,116,173
185,185_0,COMPLETED,SOBOL,0.330000000000000015543122344752,90.000000000000000000000000000000,0.020000000000000000416333634234,430,1568,418,249,73
186,186_0,ABANDONED,SOBOL,,,,4401,2812,908,86,148
187,187_0,ABANDONED,SOBOL,,,,1442,4851,663,9,63
188,188_0,COMPLETED,SOBOL,0.599999999999999977795539507497,296.000000000000000000000000000000,0.900000000000000022204460492503,3187,3532,710,231,3
189,189_0,ABANDONED,SOBOL,,,,4940,561,465,19,117
190,190_0,COMPLETED,SOBOL,0.309999999999999997779553950750,213.000000000000000000000000000000,0.000000000000000000000000000000,229,3818,954,183,167
191,191_0,COMPLETED,SOBOL,0.320000000000000006661338147751,57.000000000000000000000000000000,0.000000000000000000000000000000,1071,943,529,151,139
192,192_0,COMPLETED,SOBOL,0.320000000000000006661338147751,82.000000000000000000000000000000,0.080000000000000001665334536938,3093,1399,777,196,37
193,193_0,ABANDONED,SOBOL,,,,2051,2976,267,96,243
194,194_0,ABANDONED,SOBOL,,,,2112,1201,92,5,67
195,195_0,COMPLETED,SOBOL,0.299999999999999988897769753748,251.000000000000000000000000000000,0.040000000000000000832667268469,3034,4428,586,168,151
196,196_0,ABANDONED,SOBOL,,,,3839,1463,341,82,232
197,197_0,COMPLETED,SOBOL,0.349999999999999977795539507497,160.000000000000000000000000000000,0.029999999999999998889776975375,1012,2912,830,245,48
198,198_0,COMPLETED,SOBOL,0.330000000000000015543122344752,114.000000000000000000000000000000,0.010000000000000000208166817117,287,2000,655,213,22
199,199_0,ABANDONED,SOBOL,,,,3247,352,903,134,187
200,200_0,ABANDONED,SOBOL,,,,1590,4028,393,33,97
201,201_0,ABANDONED,SOBOL,,,,1501,1826,981,99,129
202,202_0,COMPLETED,SOBOL,0.320000000000000006661338147751,144.000000000000000000000000000000,0.000000000000000000000000000000,3663,2553,472,200,93
203,203_0,COMPLETED,SOBOL,0.320000000000000006661338147751,58.000000000000000000000000000000,0.000000000000000000000000000000,4459,837,733,54,43
204,204_0,ABANDONED,SOBOL,,,,907,125,294,187,205
205,205_0,COMPLETED,SOBOL,0.309999999999999997779553950750,225.000000000000000000000000000000,0.050000000000000002775557561563,4243,4250,784,23,13
206,206_0,ABANDONED,SOBOL,,,,2221,3403,539,71,161
207,207_0,COMPLETED,SOBOL,0.320000000000000006661338147751,139.000000000000000000000000000000,0.000000000000000000000000000000,2444,2348,448,131,58
208,208_0,ABANDONED,SOBOL,,,,2701,3282,942,46,226
209,209_0,COMPLETED,SOBOL,0.429999999999999993338661852249,40.000000000000000000000000000000,0.400000000000000022204460492503,4171,305,204,208,145
210,210_0,COMPLETED,SOBOL,0.320000000000000006661338147751,268.000000000000000000000000000000,0.010000000000000000208166817117,681,4070,694,123,77
211,211_0,ABANDONED,SOBOL,,,,619,685,760,94,103
212,212_0,COMPLETED,SOBOL,0.299999999999999988897769753748,277.000000000000000000000000000000,0.059999999999999997779553950750,4550,4939,255,242,177
213,213_0,ABANDONED,SOBOL,,,,3580,1655,516,15,190
214,214_0,ABANDONED,SOBOL,,,,1833,473,625,221,247
215,215_0,COMPLETED,SOBOL,0.320000000000000006661338147751,209.000000000000000000000000000000,0.040000000000000000832667268469,3332,3907,116,74,33
216,216_0,COMPLETED,SOBOL,0.320000000000000006661338147751,143.000000000000000000000000000000,0.000000000000000000000000000000,4791,2180,870,176,83
217,217_0,ABANDONED,SOBOL,,,,41,3445,364,28,135
218,218_0,ABANDONED,SOBOL,,,,1239,1310,188,56,171
219,219_0,COMPLETED,SOBOL,0.340000000000000024424906541753,186.000000000000000000000000000000,0.040000000000000000832667268469,3911,3064,678,142,113
220,220_0,COMPLETED,SOBOL,0.320000000000000006661338147751,65.000000000000000000000000000000,0.040000000000000000832667268469,2968,1030,433,104,7
221,221_0,ABANDONED,SOBOL,,,,1888,4600,926,190,215
222,222_0,ABANDONED,SOBOL,,,,1877,1019,584,33,185
223,223_0,COMPLETED,SOBOL,0.320000000000000006661338147751,77.000000000000000000000000000000,0.000000000000000000000000000000,3917,1319,833,112,22
224,224_0,COMPLETED,SOBOL,0.299999999999999988897769753748,184.000000000000000000000000000000,0.020000000000000000416333634234,1248,3053,339,213,196
225,225_0,COMPLETED,SOBOL,0.330000000000000015543122344752,238.000000000000000000000000000000,0.040000000000000000832667268469,4804,3453,656,82,50
226,226_0,COMPLETED,SOBOL,0.400000000000000022204460492503,49.000000000000000000000000000000,0.330000000000000015543122344752,3325,482,395,169,71
227,227_0,ABANDONED,SOBOL,,,,1825,3895,901,5,151
228,228_0,ABANDONED,SOBOL,,,,1267,1644,473,71,120
229,229_0,COMPLETED,SOBOL,0.320000000000000006661338147751,144.000000000000000000000000000000,0.000000000000000000000000000000,3585,2733,979,234,164
230,230_0,ABANDONED,SOBOL,,,,4537,694,225,24,206
231,231_0,COMPLETED,SOBOL,0.299999999999999988897769753748,303.000000000000000000000000000000,0.020000000000000000416333634234,607,4928,734,187,16
232,232_0,COMPLETED,SOBOL,0.419999999999999984456877655248,43.000000000000000000000000000000,0.190000000000000002220446049250,673,294,786,155,40
233,233_0,ABANDONED,SOBOL,,,,4165,4078,292,53,240
234,234_0,COMPLETED,SOBOL,0.320000000000000006661338147751,131.000000000000000000000000000000,0.000000000000000000000000000000,2714,2356,537,201,126
235,235_0,ABANDONED,SOBOL,,,,2210,2216,940,163,190
236,236_0,ABANDONED,SOBOL,,,,2624,3411,450,16,32
237,237_0,COMPLETED,SOBOL,0.550000000000000044408920985006,56.000000000000000000000000000000,0.719999999999999973354647408996,4249,133,695,242,105
238,238_0,ABANDONED,SOBOL,,,,915,4239,202,95,179
239,239_0,ABANDONED,SOBOL,,,,384,827,253,122,141
240,240_0,COMPLETED,SOBOL,0.309999999999999997779553950750,274.000000000000000000000000000000,0.059999999999999997779553950750,4473,4796,762,209,77
241,241_0,ABANDONED,SOBOL,,,,1493,2543,514,132,224
242,242_0,COMPLETED,SOBOL,0.569999999999999951150186916493,141.000000000000000000000000000000,0.709999999999999964472863211995,1599,341,118,190,6
243,243_0,ABANDONED,SOBOL,,,,3253,4036,623,104,212
244,244_0,ABANDONED,SOBOL,,,,4870,2008,362,142,170
245,245_0,ABANDONED,SOBOL,,,,276,3614,871,57,110
246,246_0,ABANDONED,SOBOL,,,,1004,1452,680,28,86
247,247_0,COMPLETED,SOBOL,0.369999999999999995559107901499,168.000000000000000000000000000000,0.040000000000000000832667268469,3832,2921,186,176,136
248,248_0,ABANDONED,SOBOL,,,,3047,1210,924,74,250
249,249_0,COMPLETED,SOBOL,0.349999999999999977795539507497,250.000000000000000000000000000000,0.160000000000000003330669073875,2123,4417,434,222,34
250,250_0,ABANDONED,SOBOL,,,,2065,1388,242,128,155
251,251_0,ABANDONED,SOBOL,,,,3104,2984,747,41,66
252,252_0,COMPLETED,SOBOL,0.409999999999999975575093458247,70.000000000000000000000000000000,0.170000000000000012212453270877,3773,951,486,204,54
253,253_0,ABANDONED,SOBOL,,,,1064,4676,995,118,231
254,254_0,ABANDONED,SOBOL,,,,216,551,554,91,200
255,255_0,COMPLETED,SOBOL,0.469999999999999973354647408996,257.000000000000000000000000000000,0.540000000000000035527136788005,4929,3827,60,238,17
256,256_0,ABANDONED,SOBOL,,,,3196,2101,798,12,99
257,257_0,ABANDONED,SOBOL,,,,1657,3521,309,159,182
258,258_0,COMPLETED,SOBOL,0.440000000000000002220446049250,71.000000000000000000000000000000,0.209999999999999992228438827624,1436,763,814,226,88
259,259_0,ABANDONED,SOBOL,,,,3715,4859,324,77,130
260,260_0,ABANDONED,SOBOL,,,,4412,1576,570,180,236
261,261_0,ABANDONED,SOBOL,,,,444,2801,76,32,44
262,262_0,COMPLETED,SOBOL,0.280000000000000026645352591004,143.000000000000000000000000000000,0.010000000000000000208166817117,856,2426,377,60,12
263,263_0,ABANDONED,SOBOL,,,,4310,3202,886,146,210
264,264_0,COMPLETED,SOBOL,0.289999999999999980015985556747,211.000000000000000000000000000000,0.029999999999999998889776975375,2267,4146,638,193,124
265,265_0,ABANDONED,SOBOL,,,,2359,45,348,8,221
266,266_0,COMPLETED,SOBOL,0.330000000000000015543122344752,247.000000000000000000000000000000,0.040000000000000000832667268469,2811,4328,853,172,59
267,267_0,COMPLETED,SOBOL,0.320000000000000006661338147751,132.000000000000000000000000000000,0.000000000000000000000000000000,4066,2303,99,85,72
268,268_0,COMPLETED,SOBOL,0.309999999999999997779553950750,183.000000000000000000000000000000,0.010000000000000000208166817117,771,3324,609,249,146
269,269_0,COMPLETED,SOBOL,0.320000000000000006661338147751,103.000000000000000000000000000000,0.000000000000000000000000000000,509,1746,909,217,176
270,270_0,COMPLETED,SOBOL,0.320000000000000006661338147751,138.000000000000000000000000000000,0.000000000000000000000000000000,4636,2631,416,116,108
271,271_0,COMPLETED,SOBOL,0.340000000000000024424906541753,60.000000000000000000000000000000,0.070000000000000006661338147751,3489,914,661,138,27
272,272_0,COMPLETED,SOBOL,0.320000000000000006661338147751,108.000000000000000000000000000000,0.000000000000000000000000000000,1728,1920,708,95,39
273,273_0,ABANDONED,SOBOL,,,,4706,428,956,49,139
274,274_0,COMPLETED,SOBOL,0.320000000000000006661338147751,234.000000000000000000000000000000,0.000000000000000000000000000000,152,3949,463,151,82
275,275_0,ABANDONED,SOBOL,,,,4016,4506,531,20,166
276,276_0,COMPLETED,SOBOL,0.320000000000000006661338147751,86.000000000000000000000000000000,0.000000000000000000000000000000,2859,1539,270,230,215
277,277_0,COMPLETED,SOBOL,0.520000000000000017763568394003,176.000000000000000000000000000000,0.270000000000000017763568394003,1974,2833,775,67,2
278,278_0,COMPLETED,SOBOL,0.320000000000000006661338147751,117.000000000000000000000000000000,0.000000000000000000000000000000,2020,2047,284,200,63
279,279_0,ABANDONED,SOBOL,,,,2818,3575,794,98,155
280,280_0,ABANDONED,SOBOL,,,,1107,3763,545,51,53
281,281_0,COMPLETED,SOBOL,0.320000000000000006661338147751,62.000000000000000000000000000000,0.000000000000000000000000000000,115,1015,971,19,18
282,282_0,ABANDONED,SOBOL,,,,4738,4613,481,182,203
283,283_0,ABANDONED,SOBOL,,,,3384,1335,726,65,183
284,284_0,COMPLETED,SOBOL,0.359999999999999986677323704498,165.000000000000000000000000000000,0.040000000000000000832667268469,1760,3038,233,228,101
285,285_0,COMPLETED,SOBOL,0.409999999999999975575093458247,33.000000000000000000000000000000,0.149999999999999994448884876874,1400,172,649,170,133
286,286_0,ABANDONED,SOBOL,,,,3457,4200,155,6,89
287,287_0,COMPLETED,SOBOL,0.409999999999999975575093458247,166.000000000000000000000000000000,0.149999999999999994448884876874,4673,2489,893,249,47
288,288_0,ABANDONED,SOBOL,,,,477,3138,403,85,237
289,289_0,COMPLETED,SOBOL,0.440000000000000002220446049250,166.000000000000000000000000000000,0.089999999999999996669330926125,4107,2738,592,218,9
290,290_0,ABANDONED,SOBOL,,,,2765,710,331,40,123
291,291_0,ABANDONED,SOBOL,,,,2400,4913,840,141,157
292,292_0,COMPLETED,SOBOL,0.320000000000000006661338147751,56.000000000000000000000000000000,0.000000000000000000000000000000,2313,890,178,77,62
293,293_0,COMPLETED,SOBOL,0.309999999999999997779553950750,256.000000000000000000000000000000,0.029999999999999998889776975375,2524,4733,687,225,222
294,294_0,ABANDONED,SOBOL,,,,4356,1761,427,29,149
295,295_0,COMPLETED,SOBOL,0.309999999999999997779553950750,167.000000000000000000000000000000,0.010000000000000000208166817117,815,2616,932,178,73
296,296_0,COMPLETED,SOBOL,0.320000000000000006661338147751,121.000000000000000000000000000000,0.000000000000000000000000000000,407,2318,615,149,107
297,297_0,COMPLETED,SOBOL,0.340000000000000024424906541753,19.000000000000000000000000000000,0.179999999999999993338661852249,3678,20,864,195,194
298,298_0,COMPLETED,SOBOL,0.299999999999999988897769753748,226.000000000000000000000000000000,0.020000000000000000416333634234,1468,4352,370,109,24
299,299_0,ABANDONED,SOBOL,,,,1694,1514,754,43,243
300,300_0,COMPLETED,SOBOL,0.330000000000000015543122344752,170.000000000000000000000000000000,0.040000000000000000832667268469,3164,2858,261,129,37
301,301_0,COMPLETED,SOBOL,0.320000000000000006661338147751,70.000000000000000000000000000000,0.000000000000000000000000000000,4965,1136,506,122,79
302,302_0,COMPLETED,SOBOL,0.320000000000000006661338147751,36.000000000000000000000000000000,0.000000000000000000000000000000,1018,442,442,235,167
303,303_0,ABANDONED,SOBOL,,,,3815,3934,948,88,118
304,304_0,COMPLETED,SOBOL,0.530000000000000026645352591004,172.000000000000000000000000000000,0.810000000000000053290705182008,3058,1895,194,159,3
305,305_0,ABANDONED,SOBOL,,,,2106,3727,703,11,218
306,306_0,COMPLETED,SOBOL,0.320000000000000006661338147751,39.000000000000000000000000000000,0.000000000000000000000000000000,2165,545,878,105,98
307,307_0,COMPLETED,SOBOL,0.320000000000000006661338147751,224.000000000000000000000000000000,0.040000000000000000832667268469,3000,3832,385,190,187
308,308_0,ABANDONED,SOBOL,,,,3874,2115,630,60,199
309,309_0,COMPLETED,SOBOL,0.309999999999999997779553950750,172.000000000000000000000000000000,0.010000000000000000208166817117,958,3508,140,145,23
310,310_0,COMPLETED,SOBOL,0.309999999999999997779553950750,72.000000000000000000000000000000,0.000000000000000000000000000000,244,1265,316,173,49
311,311_0,ABANDONED,SOBOL,,,,4906,3107,822,25,231
312,312_0,COMPLETED,SOBOL,0.299999999999999988897769753748,272.000000000000000000000000000000,0.020000000000000000416333634234,1635,4545,578,73,67
313,313_0,COMPLETED,SOBOL,0.340000000000000024424906541753,173.000000000000000000000000000000,0.040000000000000000832667268469,3620,3207,562,162,119
314,314_0,COMPLETED,SOBOL,0.530000000000000026645352591004,59.000000000000000000000000000000,0.699999999999999955591079014994,4504,240,301,92,12
315,315_0,COMPLETED,SOBOL,0.299999999999999988897769753748,211.000000000000000000000000000000,0.000000000000000000000000000000,348,4132,806,239,206
316,316_0,ABANDONED,SOBOL,,,,873,640,740,211,241
317,317_0,COMPLETED,SOBOL,0.309999999999999997779553950750,285.000000000000000000000000000000,0.050000000000000002775557561563,4295,4982,249,125,43
318,318_0,COMPLETED,SOBOL,0.320000000000000006661338147751,93.000000000000000000000000000000,0.000000000000000000000000000000,2582,1707,988,132,93
319,319_0,ABANDONED,SOBOL,,,,2256,2670,494,46,129
320,320_0,COMPLETED,SOBOL,0.340000000000000024424906541753,105.000000000000000000000000000000,0.130000000000000004440892098501,2496,1849,523,231,29
321,321_0,COMPLETED,SOBOL,0.320000000000000006661338147751,52.000000000000000000000000000000,0.000000000000000000000000000000,4207,802,767,186,176
322,322_0,ABANDONED,SOBOL,,,,626,4820,277,23,104
323,323_0,ABANDONED,SOBOL,,,,576,109,210,54,78
324,324_0,COMPLETED,SOBOL,0.309999999999999997779553950750,233.000000000000000000000000000000,0.050000000000000002775557561563,4574,4264,716,156,145
325,325_0,ABANDONED,SOBOL,,,,3554,2231,455,102,225
326,326_0,COMPLETED,SOBOL,0.359999999999999986677323704498,201.000000000000000000000000000000,0.100000000000000005551115123126,1304,3397,964,203,59
327,327_0,ABANDONED,SOBOL,,,,1857,1224,408,137,215
328,328_0,COMPLETED,SOBOL,0.309999999999999997779553950750,237.000000000000000000000000000000,0.040000000000000000832667268469,3289,4402,917,36,6
329,329_0,COMPLETED,SOBOL,0.320000000000000006661338147751,80.000000000000000000000000000000,0.000000000000000000000000000000,4836,1427,164,214,113
330,330_0,ABANDONED,SOBOL,,,,15,2945,669,113,171
331,331_0,ABANDONED,SOBOL,,,,1206,1984,845,80,135
332,332_0,COMPLETED,SOBOL,0.419999999999999984456877655248,229.000000000000000000000000000000,0.289999999999999980015985556747,3964,3639,356,244,83
333,333_0,ABANDONED,SOBOL,,,,2913,355,601,2,33
334,334_0,ABANDONED,SOBOL,,,,1939,1591,866,24,51
335,335_0,ABANDONED,SOBOL,,,,2893,2788,376,187,229
336,336_0,ABANDONED,SOBOL,,,,3982,759,613,70,154
337,337_0,COMPLETED,SOBOL,0.330000000000000015543122344752,284.000000000000000000000000000000,0.040000000000000000832667268469,1183,4866,120,233,64
338,338_0,COMPLETED,SOBOL,0.299999999999999988897769753748,28.000000000000000000000000000000,0.010000000000000000208166817117,39,202,428,201,100
339,339_0,ABANDONED,SOBOL,,,,4818,4173,938,100,184
340,340_0,COMPLETED,SOBOL,0.340000000000000024424906541753,194.000000000000000000000000000000,0.020000000000000000416333634234,1841,3169,682,52,19
341,341_0,COMPLETED,SOBOL,0.369999999999999995559107901499,279.000000000000000000000000000000,0.130000000000000004440892098501,3533,4663,697,212,46
342,342_0,ABANDONED,SOBOL,,,,4592,1384,444,34,90
343,343_0,COMPLETED,SOBOL,0.309999999999999997779553950750,185.000000000000000000000000000000,0.010000000000000000208166817117,552,2991,953,135,131
344,344_0,COMPLETED,SOBOL,0.320000000000000006661338147751,126.000000000000000000000000000000,0.000000000000000000000000000000,650,2077,504,167,158
345,345_0,COMPLETED,SOBOL,0.489999999999999991118215802999,78.000000000000000000000000000000,0.849999999999999977795539507497,2689,586,757,246,10
346,346_0,ABANDONED,SOBOL,,,,2480,3794,266,82,208
347,347_0,COMPLETED,SOBOL,0.330000000000000015543122344752,32.000000000000000000000000000000,0.029999999999999998889776975375,2233,396,721,143,74
348,348_0,ABANDONED,SOBOL,,,,2600,3984,231,57,148
349,349_0,ABANDONED,SOBOL,,,,4274,1946,977,188,223
350,350_0,COMPLETED,SOBOL,0.320000000000000006661338147751,215.000000000000000000000000000000,0.010000000000000000208166817117,890,3679,483,103,61
351,351_0,COMPLETED,SOBOL,0.320000000000000006661338147751,89.000000000000000000000000000000,0.000000000000000000000000000000,332,1546,34,75,25
352,352_0,COMPLETED,SOBOL,0.320000000000000006661338147751,161.000000000000000000000000000000,0.000000000000000000000000000000,4526,2829,543,223,192
353,353_0,ABANDONED,SOBOL,,,,3602,1108,290,27,174
354,354_0,COMPLETED,SOBOL,0.299999999999999988897769753748,230.000000000000000000000000000000,0.020000000000000000416333634234,1547,4521,795,175,106
355,355_0,COMPLETED,SOBOL,0.320000000000000006661338147751,130.000000000000000000000000000000,0.000000000000000000000000000000,1612,2271,337,241,138
356,356_0,COMPLETED,SOBOL,0.299999999999999988897769753748,214.000000000000000000000000000000,0.040000000000000000832667268469,3239,3359,842,93,81
357,357_0,COMPLETED,SOBOL,0.589999999999999968913755310496,88.000000000000000000000000000000,0.959999999999999964472863211995,4885,71,81,164,36
358,358_0,ABANDONED,SOBOL,,,,260,4304,590,17,244
359,359_0,ABANDONED,SOBOL,,,,942,920,899,44,218
360,360_0,COMPLETED,SOBOL,0.560000000000000053290705182008,323.000000000000000000000000000000,0.569999999999999951150186916493,3895,4704,405,130,4
361,361_0,COMPLETED,SOBOL,0.320000000000000006661338147751,95.000000000000000000000000000000,0.000000000000000000000000000000,2983,1734,643,123,116
362,362_0,COMPLETED,SOBOL,0.340000000000000024424906541753,46.000000000000000000000000000000,0.390000000000000013322676295502,2088,672,461,179,24
363,363_0,ABANDONED,SOBOL,,,,3080,4953,966,31,198
364,364_0,COMPLETED,SOBOL,0.320000000000000006661338147751,93.000000000000000000000000000000,0.000000000000000000000000000000,3799,1680,204,227,187
365,365_0,ABANDONED,SOBOL,,,,1039,2700,714,79,97
366,366_0,COMPLETED,SOBOL,0.320000000000000006661338147751,123.000000000000000000000000000000,0.000000000000000000000000000000,163,2373,773,107,69
367,367_0,COMPLETED,SOBOL,0.349999999999999977795539507497,181.000000000000000000000000000000,0.040000000000000000832667268469,4981,3256,279,192,149
368,368_0,ABANDONED,SOBOL,,,,3141,290,517,62,232
369,369_0,COMPLETED,SOBOL,0.320000000000000006661338147751,83.000000000000000000000000000000,0.000000000000000000000000000000,1449,1297,595,206,204
370,370_0,COMPLETED,SOBOL,0.340000000000000024424906541753,179.000000000000000000000000000000,0.040000000000000000832667268469,3702,3078,105,119,13
371,371_0,COMPLETED,SOBOL,0.320000000000000006661338147751,71.000000000000000000000000000000,0.000000000000000000000000000000,4428,1055,851,127,118
372,372_0,ABANDONED,SOBOL,,,,428,4575,357,41,162
373,373_0,ABANDONED,SOBOL,,,,793,498,158,13,128
374,374_0,COMPLETED,SOBOL,0.309999999999999997779553950750,242.000000000000000000000000000000,0.050000000000000002775557561563,4372,3881,667,160,93
375,375_0,COMPLETED,SOBOL,0.320000000000000006661338147751,130.000000000000000000000000000000,0.000000000000000000000000000000,2501,2166,414,90,42
376,376_0,ABANDONED,SOBOL,,,,2331,3459,919,237,243
377,377_0,ABANDONED,SOBOL,,,,2749,3611,571,150,178
378,378_0,ABANDONED,SOBOL,,,,4131,327,319,96,188
379,379_0,COMPLETED,SOBOL,0.359999999999999986677323704498,245.000000000000000000000000000000,0.040000000000000000832667268469,706,4053,827,198,29
380,380_0,COMPLETED,SOBOL,0.309999999999999997779553950750,76.000000000000000000000000000000,0.010000000000000000208166817117,496,1176,628,229,58
381,381_0,COMPLETED,SOBOL,0.320000000000000006661338147751,92.000000000000000000000000000000,0.000000000000000000000000000000,3473,1477,880,184,143
382,382_0,ABANDONED,SOBOL,,,,1379,2898,391,21,78
383,383_0,ABANDONED,SOBOL,,,,1781,139,989,86,172
384,384_0,COMPLETED,SOBOL,0.340000000000000024424906541753,262.000000000000000000000000000000,0.080000000000000001665334536938,3369,4236,500,250,112
385,385_0,ABANDONED,SOBOL,,,,4761,2202,737,8,8
386,386_0,ABANDONED,SOBOL,,,,97,3428,244,171,214
387,387_0,ABANDONED,SOBOL,,,,1125,1802,303,139,248
388,388_0,COMPLETED,SOBOL,0.320000000000000006661338147751,143.000000000000000000000000000000,0.000000000000000000000000000000,4039,2578,812,38,32
389,389_0,ABANDONED,SOBOL,,,,2000,4773,556,115,134
390,390_0,COMPLETED,SOBOL,0.320000000000000006661338147751,253.000000000000000000000000000000,0.040000000000000000832667268469,2880,4109,512,83,21
391,391_0,COMPLETED,SOBOL,0.320000000000000006661338147751,138.000000000000000000000000000000,0.000000000000000000000000000000,3997,2388,259,170,96
392,392_0,ABANDONED,SOBOL,,,,1171,3242,764,7,184
393,393_0,ABANDONED,SOBOL,,,,128,1694,690,39,152
394,394_0,COMPLETED,SOBOL,0.390000000000000013322676295502,158.000000000000000000000000000000,0.040000000000000000832667268469,4724,2685,200,140,70
395,395_0,COMPLETED,SOBOL,0.330000000000000015543122344752,45.000000000000000000000000000000,0.070000000000000006661338147751,3400,647,946,118,51
396,396_0,ABANDONED,SOBOL,,,,1744,4977,452,219,233
397,397_0,COMPLETED,SOBOL,0.359999999999999986677323704498,130.000000000000000000000000000000,0.020000000000000000416333634234,1347,2142,930,153,14
398,398_0,ABANDONED,SOBOL,,,,3509,3483,436,51,207
399,399_0,COMPLETED,SOBOL,0.320000000000000006661338147751,37.000000000000000000000000000000,0.000000000000000000000000000000,4618,513,674,199,163
400,400_0,ABANDONED,SOBOL,,,,532,3867,184,97,121
401,401_0,ABANDONED,SOBOL,,,,748,1070,368,65,90
402,402_0,COMPLETED,SOBOL,0.309999999999999997779553950750,290.000000000000000000000000000000,0.050000000000000002775557561563,4084,4560,874,228,127
403,403_0,COMPLETED,SOBOL,0.309999999999999997779553950750,159.000000000000000000000000000000,0.029999999999999998889776975375,2374,3103,621,181,41
404,404_0,ABANDONED,SOBOL,,,,2290,1423,397,120,179
405,405_0,COMPLETED,SOBOL,0.309999999999999997779553950750,175.000000000000000000000000000000,0.029999999999999998889776975375,2547,2952,907,206,106
406,406_0,COMPLETED,SOBOL,0.320000000000000006661338147751,75.000000000000000000000000000000,0.000000000000000000000000000000,4330,1240,145,44,30
407,407_0,ABANDONED,SOBOL,,,,840,4390,650,130,191
408,408_0,ABANDONED,SOBOL,,,,459,391,834,157,224
409,409_0,ABANDONED,SOBOL,,,,4392,3989,345,10,57
410,410_0,COMPLETED,SOBOL,0.309999999999999997779553950750,141.000000000000000000000000000000,0.050000000000000002775557561563,3733,1960,582,236,75
411,411_0,ABANDONED,SOBOL,,,,1680,798,535,30,111
412,412_0,ABANDONED,SOBOL,,,,4950,1865,788,76,213
413,413_0,COMPLETED,SOBOL,0.390000000000000013322676295502,136.000000000000000000000000000000,0.070000000000000006661338147751,200,2515,298,224,5
414,414_0,COMPLETED,SOBOL,0.330000000000000015543122344752,132.000000000000000000000000000000,0.010000000000000000208166817117,1081,2265,223,195,35
415,415_0,ABANDONED,SOBOL,,,,3753,3365,728,110,249
416,416_0,COMPLETED,SOBOL,0.460000000000000019984014443253,25.000000000000000000000000000000,0.230000000000000009992007221626,3122,85,475,148,137
417,417_0,ABANDONED,SOBOL,,,,2042,4290,985,63,85
418,418_0,ABANDONED,SOBOL,,,,2142,2475,659,93,230
419,419_0,COMPLETED,SOBOL,0.359999999999999986677323704498,214.000000000000000000000000000000,0.230000000000000009992007221626,3024,3154,165,240,54
420,420_0,ABANDONED,SOBOL,,,,3848,178,911,14,65
421,421_0,COMPLETED,SOBOL,0.340000000000000024424906541753,272.000000000000000000000000000000,0.010000000000000000208166817117,983,4197,422,161,157
422,422_0,ABANDONED,SOBOL,,,,4854,4890,603,48,99
423,423_0,COMPLETED,SOBOL,0.359999999999999986677323704498,99.000000000000000000000000000000,0.170000000000000012212453270877,3276,1606,350,211,16
424,424_0,ABANDONED,SOBOL,,,,1580,2774,859,124,202
425,425_0,COMPLETED,SOBOL,0.320000000000000006661338147751,41.000000000000000000000000000000,0.000000000000000000000000000000,1511,600,272,59,45
426,426_0,ABANDONED,SOBOL,,,,3634,3779,781,144,235
427,427_0,COMPLETED,SOBOL,0.320000000000000006661338147751,190.000000000000000000000000000000,0.000000000000000000000000000000,364,3572,525,192,87
428,428_0,COMPLETED,SOBOL,0.320000000000000006661338147751,81.000000000000000000000000000000,0.000000000000000000000000000000,936,1359,958,220,125
429,429_0,ABANDONED,SOBOL,,,,4233,3016,469,72,159
430,430_0,ABANDONED,SOBOL,,,,2646,981,706,175,210
431,431_0,COMPLETED,SOBOL,0.289999999999999980015985556747,236.000000000000000000000000000000,0.029999999999999998889776975375,2191,4649,212,26,11
432,432_0,COMPLETED,SOBOL,0.320000000000000006661338147751,70.000000000000000000000000000000,0.000000000000000000000000000000,2434,1172,804,215,147
433,433_0,COMPLETED,SOBOL,0.299999999999999988897769753748,218.000000000000000000000000000000,0.029999999999999998889776975375,2730,4458,311,114,71
434,434_0,COMPLETED,SOBOL,0.320000000000000006661338147751,85.000000000000000000000000000000,0.000000000000000000000000000000,4142,1492,548,136,60
435,435_0,ABANDONED,SOBOL,,,,589,1892,492,3,196
436,436_0,COMPLETED,SOBOL,0.340000000000000024424906541753,258.000000000000000000000000000000,0.050000000000000002775557561563,4560,3732,997,167,26
437,437_0,ABANDONED,SOBOL,,,,3570,459,236,80,109
438,438_0,COMPLETED,SOBOL,0.309999999999999997779553950750,203.000000000000000000000000000000,0.020000000000000000416333634234,1288,3920,745,244,175
439,439_0,COMPLETED,SOBOL,0.320000000000000006661338147751,100.000000000000000000000000000000,0.000000000000000000000000000000,1804,1797,127,185,81
440,440_0,ABANDONED,SOBOL,,,,3341,2583,636,22,141
441,441_0,ABANDONED,SOBOL,,,,4781,867,383,232,245
442,442_0,COMPLETED,SOBOL,0.289999999999999980015985556747,259.000000000000000000000000000000,0.000000000000000000000000000000,71,4758,888,70,39
443,443_0,COMPLETED,SOBOL,0.599999999999999977795539507497,523.000000000000000000000000000000,1.000000000000000000000000000000,1229,17,564,101,1
444,444_0,ABANDONED,SOBOL,,,,2939,2334,820,55,165
445,445_0,COMPLETED,SOBOL,0.330000000000000015543122344752,222.000000000000000000000000000000,0.020000000000000000416333634234,1898,3295,326,157,115
446,446_0,COMPLETED,SOBOL,0.409999999999999975575093458247,21.000000000000000000000000000000,0.119999999999999995559107901499,1903,5,765,182,93
447,447_0,ABANDONED,SOBOL,,,,2934,4375,256,19,129
448,448_0,ABANDONED,SOBOL,,,,3946,2337,509,227,241
449,449_0,COMPLETED,SOBOL,0.320000000000000006661338147751,96.000000000000000000000000000000,0.000000000000000000000000000000,75,1780,453,98,13
450,450_0,ABANDONED,SOBOL,,,,4776,2595,943,200,205
451,451_0,ABANDONED,SOBOL,,,,3346,874,197,50,161
452,452_0,COMPLETED,SOBOL,0.289999999999999980015985556747,311.000000000000000000000000000000,0.020000000000000000416333634234,1799,4755,691,152,119
453,453_0,COMPLETED,SOBOL,0.320000000000000006661338147751,103.000000000000000000000000000000,0.000000000000000000000000000000,1283,1880,181,218,150
454,454_0,COMPLETED,SOBOL,0.309999999999999997779553950750,192.000000000000000000000000000000,0.040000000000000000832667268469,3575,3750,675,117,67
455,455_0,COMPLETED,SOBOL,0.409999999999999975575093458247,50.000000000000000000000000000000,0.359999999999999986677323704498,4555,462,437,141,49
456,456_0,ABANDONED,SOBOL,,,,594,3913,927,40,232
457,457_0,ABANDONED,SOBOL,,,,686,1155,618,6,199
458,458_0,COMPLETED,SOBOL,0.330000000000000015543122344752,265.000000000000000000000000000000,0.100000000000000005551115123126,4147,4470,113,169,22
459,459_0,ABANDONED,SOBOL,,,,2725,1499,874,84,98
460,460_0,COMPLETED,SOBOL,0.320000000000000006661338147751,167.000000000000000000000000000000,0.000000000000000000000000000000,2439,2880,365,248,187
461,461_0,COMPLETED,SOBOL,0.320000000000000006661338147751,85.000000000000000000000000000000,0.000000000000000000000000000000,2196,1357,652,64,34
462,462_0,ABANDONED,SOBOL,,,,4238,993,903,109,135
463,463_0,COMPLETED,SOBOL,0.309999999999999997779553950750,294.000000000000000000000000000000,0.010000000000000000208166817117,931,4631,399,194,83
464,464_0,ABANDONED,SOBOL,,,,4484,3782,579,77,171
465,465_0,ABANDONED,SOBOL,,,,3639,2070,342,177,214
466,466_0,COMPLETED,SOBOL,0.309999999999999997779553950750,236.000000000000000000000000000000,0.020000000000000000416333634234,1506,3560,835,29,7
467,467_0,ABANDONED,SOBOL,,,,1575,732,295,88,226
468,468_0,COMPLETED,SOBOL,0.390000000000000013322676295502,336.000000000000000000000000000000,0.170000000000000012212453270877,3281,4897,788,235,58
469,469_0,COMPLETED,SOBOL,0.320000000000000006661338147751,160.000000000000000000000000000000,0.000000000000000000000000000000,302,2756,533,158,145
470,470_0,ABANDONED,SOBOL,,,,978,2468,982,129,177
471,471_0,ABANDONED,SOBOL,,,,3853,3157,476,43,103
472,472_0,COMPLETED,SOBOL,0.540000000000000035527136788005,58.000000000000000000000000000000,0.819999999999999951150186916493,3019,195,730,207,28
473,473_0,ABANDONED,SOBOL,,,,2146,4185,220,121,190
474,474_0,ABANDONED,SOBOL,,,,2046,2248,421,25,123
475,475_0,COMPLETED,SOBOL,0.299999999999999988897769753748,194.000000000000000000000000000000,0.040000000000000000832667268469,3117,3377,915,174,157
476,476_0,COMPLETED,SOBOL,0.469999999999999973354647408996,307.000000000000000000000000000000,0.140000000000000013322676295502,1076,4287,658,221,9
477,477_0,COMPLETED,SOBOL,0.359999999999999986677323704498,52.000000000000000000000000000000,0.040000000000000000832667268469,205,786,858,191,47
478,478_0,ABANDONED,SOBOL,,,,4945,4844,352,106,237
479,479_0,COMPLETED,SOBOL,0.320000000000000006661338147751,106.000000000000000000000000000000,0.000000000000000000000000000000,3182,1867,606,145,133
480,480_0,ABANDONED,SOBOL,,,,1675,2508,96,60,89
481,481_0,ABANDONED,SOBOL,,,,1408,373,527,125,182
482,482_0,COMPLETED,SOBOL,0.320000000000000006661338147751,113.000000000000000000000000000000,0.000000000000000000000000000000,4387,1967,780,47,19
483,483_0,ABANDONED,SOBOL,,,,465,3662,274,133,203
484,484_0,ABANDONED,SOBOL,,,,4335,2969,705,15,53
485,485_0,COMPLETED,SOBOL,0.309999999999999997779553950750,74.000000000000000000000000000000,0.029999999999999998889776975375,2543,1242,467,239,64
486,486_0,ABANDONED,SOBOL,,,,2294,4383,961,92,154
487,487_0,COMPLETED,SOBOL,0.489999999999999991118215802999,89.000000000000000000000000000000,0.890000000000000013322676295502,2379,1063,57,156,3
488,488_0,ABANDONED,SOBOL,,,,2786,4563,551,54,219
489,489_0,COMPLETED,SOBOL,0.320000000000000006661338147751,82.000000000000000000000000000000,0.000000000000000000000000000000,4089,1289,313,204,167
490,490_0,ABANDONED,SOBOL,,,,743,3091,803,102,117
491,491_0,ABANDONED,SOBOL,,,,537,2139,744,69,79
492,492_0,COMPLETED,SOBOL,0.309999999999999997779553950750,231.000000000000000000000000000000,0.050000000000000002775557561563,4614,3491,239,231,139
493,493_0,ABANDONED,SOBOL,,,,3514,525,1000,23,244
494,494_0,COMPLETED,SOBOL,0.330000000000000015543122344752,237.000000000000000000000000000000,0.040000000000000000832667268469,1342,3850,491,186,37
495,495_0,COMPLETED,SOBOL,0.320000000000000006661338147751,99.000000000000000000000000000000,0.000000000000000000000000000000,1739,1687,891,245,193
496,496_0,COMPLETED,SOBOL,0.330000000000000015543122344752,177.000000000000000000000000000000,0.029999999999999998889776975375,3405,2688,382,81,25
497,497_0,COMPLETED,SOBOL,0.320000000000000006661338147751,47.000000000000000000000000000000,0.059999999999999997779553950750,4719,664,635,166,108
498,498_0,ABANDONED,SOBOL,,,,1167,264,329,36,148
499,499_0,COMPLETED,SOBOL,0.320000000000000006661338147751,259.000000000000000000000000000000,0.050000000000000002775557561563,4002,4116,819,137,74
500,500_0,COMPLETED,SOBOL,0.320000000000000006661338147751,146.000000000000000000000000000000,0.000000000000000000000000000000,2875,2400,73,113,63
501,501_0,ABANDONED,SOBOL,,,,1963,3224,566,214,221
502,502_0,COMPLETED,SOBOL,0.320000000000000006661338147751,138.000000000000000000000000000000,0.000000000000000000000000000000,2838,2561,611,245,124
503,503_0,ABANDONED,SOBOL,,,,4034,849,373,5,12
504,504_0,ABANDONED,SOBOL,,,,1130,4780,867,168,210
505,505_0,ABANDONED,SOBOL,,,,92,156,683,134,236
506,506_0,ABANDONED,SOBOL,,,,4766,4224,173,33,43
507,507_0,COMPLETED,SOBOL,0.320000000000000006661338147751,124.000000000000000000000000000000,0.000000000000000000000000000000,3364,2194,935,213,88
508,508_0,ABANDONED,SOBOL,,,,1785,3431,430,112,130
509,509_0,ABANDONED,SOBOL,,,,1384,1188,950,53,99
510,510_0,ABANDONED,SOBOL,,,,3468,4436,445,155,182
511,511_0,ABANDONED,SOBOL,,,,4655,1474,698,99,200
512,512_0,COMPLETED,SOBOL,0.359999999999999986677323704498,173.000000000000000000000000000000,0.020000000000000000416333634234,491,2905,189,200,18
513,513_0,COMPLETED,SOBOL,0.330000000000000015543122344752,117.000000000000000000000000000000,0.010000000000000000208166817117,711,2031,264,234,54
514,514_0,ABANDONED,SOBOL,,,,4126,3599,757,71,230
515,515_0,ABANDONED,SOBOL,,,,2416,4056,501,23,66
516,516_0,ABANDONED,SOBOL,,,,2326,501,484,208,216
517,517_0,COMPLETED,SOBOL,0.560000000000000053290705182008,247.000000000000000000000000000000,0.900000000000000022204460492503,2506,3874,974,122,2
518,518_0,COMPLETED,SOBOL,0.320000000000000006661338147751,129.000000000000000000000000000000,0.000000000000000000000000000000,4367,2154,228,131,114
519,519_0,ABANDONED,SOBOL,,,,798,3476,722,45,166
520,520_0,ABANDONED,SOBOL,,,,423,1304,796,16,140
521,521_0,COMPLETED,SOBOL,0.359999999999999986677323704498,214.000000000000000000000000000000,0.040000000000000000832667268469,4433,3076,287,163,82
522,522_0,COMPLETED,SOBOL,0.320000000000000006661338147751,60.000000000000000000000000000000,0.000000000000000000000000000000,3697,1038,540,94,38
523,523_0,COMPLETED,SOBOL,0.340000000000000024424906541753,135.000000000000000000000000000000,0.020000000000000000416333634234,1716,2376,587,176,28
524,524_0,COMPLETED,SOBOL,0.349999999999999977795539507497,33.000000000000000000000000000000,0.239999999999999991118215802999,4986,279,843,222,175
525,525_0,ABANDONED,SOBOL,,,,159,4101,334,74,109
526,526_0,COMPLETED,SOBOL,0.320000000000000006661338147751,45.000000000000000000000000000000,0.000000000000000000000000000000,1044,679,150,104,73
527,527_0,COMPLETED,SOBOL,0.309999999999999997779553950750,279.000000000000000000000000000000,0.050000000000000002775557561563,3794,4950,644,189,145
528,528_0,ABANDONED,SOBOL,,,,3085,1663,406,56,220
529,529_0,COMPLETED,SOBOL,0.320000000000000006661338147751,151.000000000000000000000000000000,0.029999999999999998889776975375,2083,2712,896,142,60
530,530_0,COMPLETED,SOBOL,0.330000000000000015543122344752,64.000000000000000000000000000000,0.050000000000000002775557561563,2183,938,713,238,126
531,531_0,ABANDONED,SOBOL,,,,2987,4692,208,91,92
532,532_0,COMPLETED,SOBOL,0.330000000000000015543122344752,108.000000000000000000000000000000,0.050000000000000002775557561563,3890,1727,969,159,40
533,533_0,ABANDONED,SOBOL,,,,947,2649,460,12,240
534,534_0,COMPLETED,SOBOL,0.340000000000000024424906541753,185.000000000000000000000000000000,0.040000000000000000832667268469,4890,3342,520,128,16
535,535_0,ABANDONED,SOBOL,,,,3234,69,282,118,120
536,536_0,COMPLETED,SOBOL,0.309999999999999997779553950750,277.000000000000000000000000000000,0.020000000000000000416333634234,1617,4311,772,205,164
537,537_0,COMPLETED,SOBOL,0.320000000000000006661338147751,97.000000000000000000000000000000,0.000000000000000000000000000000,1552,1563,360,146,70
538,538_0,ABANDONED,SOBOL,,,,3597,2817,850,61,152
539,539_0,COMPLETED,SOBOL,0.309999999999999997779553950750,233.000000000000000000000000000000,0.000000000000000000000000000000,327,4524,598,108,50
540,540_0,COMPLETED,SOBOL,0.320000000000000006661338147751,33.000000000000000000000000000000,0.000000000000000000000000000000,895,408,922,78,21
541,541_0,COMPLETED,SOBOL,0.299999999999999988897769753748,212.000000000000000000000000000000,0.050000000000000002775557561563,4270,3967,413,226,196
542,542_0,ABANDONED,SOBOL,,,,2605,1943,666,32,186
543,543_0,COMPLETED,SOBOL,0.320000000000000006661338147751,224.000000000000000000000000000000,0.029999999999999998889776975375,2228,3686,161,180,95
544,544_0,ABANDONED,SOBOL,,,,2475,2084,827,116,250
545,545_0,COMPLETED,SOBOL,0.340000000000000024424906541753,227.000000000000000000000000000000,0.280000000000000026645352591004,2694,3545,321,217,34
546,546_0,ABANDONED,SOBOL,,,,4183,568,574,37,86
547,547_0,COMPLETED,SOBOL,0.320000000000000006661338147751,58.000000000000000000000000000000,0.000000000000000000000000000000,547,969,389,172,170
548,548_0,ABANDONED,SOBOL,,,,4597,4656,883,9,111
549,549_0,COMPLETED,SOBOL,0.540000000000000035527136788005,137.000000000000000000000000000000,0.819999999999999951150186916493,3528,1372,138,249,6
550,550_0,ABANDONED,SOBOL,,,,1325,3008,627,86,212
551,551_0,ABANDONED,SOBOL,,,,1846,209,247,20,55
552,552_0,ABANDONED,SOBOL,,,,3304,4170,736,183,225
553,553_0,ABANDONED,SOBOL,,,,4823,2443,499,67,142
554,554_0,COMPLETED,SOBOL,0.320000000000000006661338147751,164.000000000000000000000000000000,0.000000000000000000000000000000,34,3181,993,230,76
555,555_0,COMPLETED,SOBOL,0.320000000000000006661338147751,92.000000000000000000000000000000,0.000000000000000000000000000000,1188,1594,559,197,104
556,556_0,ABANDONED,SOBOL,,,,2898,747,811,151,191
557,557_0,COMPLETED,SOBOL,0.299999999999999988897769753748,278.000000000000000000000000000000,0.020000000000000000416333634234,1934,4883,306,49,31
558,558_0,ABANDONED,SOBOL,,,,1919,1981,546,140,211
559,559_0,COMPLETED,SOBOL,0.320000000000000006661338147751,195.000000000000000000000000000000,0.040000000000000000832667268469,2918,3646,37,39,10
560,560_0,COMPLETED,SOBOL,0.390000000000000013322676295502,45.000000000000000000000000000000,0.340000000000000024424906541753,3959,367,790,219,125
561,561_0,ABANDONED,SOBOL,,,,1211,4005,285,118,160
562,562_0,ABANDONED,SOBOL,,,,11,1217,234,84,131
563,563_0,COMPLETED,SOBOL,0.359999999999999986677323704498,267.000000000000000000000000000000,0.179999999999999993338661852249,4841,4405,724,248,87
564,564_0,ABANDONED,SOBOL,,,,3284,1444,478,7,45
565,565_0,ABANDONED,SOBOL,,,,1862,2933,972,171,236
566,566_0,COMPLETED,SOBOL,0.550000000000000044408920985006,70.000000000000000000000000000000,0.489999999999999991118215802999,1309,106,400,229,17
567,567_0,ABANDONED,SOBOL,,,,3549,4271,894,66,201
568,568_0,ABANDONED,SOBOL,,,,571,3380,646,18,100
569,569_0,ABANDONED,SOBOL,,,,631,1842,837,52,66
570,570_0,ABANDONED,SOBOL,,,,4202,2530,332,153,156
571,571_0,ABANDONED,SOBOL,,,,2673,819,593,97,229
572,572_0,COMPLETED,SOBOL,0.299999999999999988897769753748,270.000000000000000000000000000000,0.029999999999999998889776975375,2491,4808,83,199,55
573,573_0,ABANDONED,SOBOL,,,,2251,628,933,10,165
574,574_0,COMPLETED,SOBOL,0.309999999999999997779553950750,285.000000000000000000000000000000,0.029999999999999998889776975375,2587,4999,424,158,115
575,575_0,COMPLETED,SOBOL,0.599999999999999977795539507497,299.000000000000000000000000000000,0.949999999999999955591079014994,4290,1710,685,89,1
576,576_0,ABANDONED,SOBOL,,,,343,2403,371,207,245
577,577_0,COMPLETED,SOBOL,0.349999999999999977795539507497,187.000000000000000000000000000000,0.040000000000000000832667268469,4509,3219,861,121,39
578,578_0,COMPLETED,SOBOL,0.419999999999999984456877655248,38.000000000000000000000000000000,0.440000000000000002220446049250,3616,247,123,130,81
579,579_0,ABANDONED,SOBOL,,,,1529,4130,616,44,141
580,580_0,COMPLETED,SOBOL,0.299999999999999988897769753748,214.000000000000000000000000000000,0.040000000000000000832667268469,3216,3124,507,195,175
581,581_0,ABANDONED,SOBOL,,,,4911,1085,262,63,195
582,582_0,COMPLETED,SOBOL,0.299999999999999988897769753748,246.000000000000000000000000000000,0.000000000000000000000000000000,240,4538,751,148,27
583,583_0,COMPLETED,SOBOL,0.419999999999999984456877655248,53.000000000000000000000000000000,0.190000000000000002220446049250,963,528,700,178,61
584,584_0,COMPLETED,SOBOL,0.320000000000000006661338147751,122.000000000000000000000000000000,0.000000000000000000000000000000,3005,2122,948,224,146
585,585_0,COMPLETED,SOBOL,0.320000000000000006661338147751,179.000000000000000000000000000000,0.029999999999999998889776975375,2160,3505,439,76,71
586,586_0,COMPLETED,SOBOL,0.309999999999999997779553950750,231.000000000000000000000000000000,0.040000000000000000832667268469,3063,3937,633,133,41
587,587_0,COMPLETED,SOBOL,0.320000000000000006661338147751,103.000000000000000000000000000000,0.000000000000000000000000000000,3810,1913,387,124,91
588,588_0,COMPLETED,SOBOL,0.309999999999999997779553950750,188.000000000000000000000000000000,0.010000000000000000208166817117,1023,3715,877,210,127
589,589_0,COMPLETED,SOBOL,0.320000000000000006661338147751,86.000000000000000000000000000000,0.000000000000000000000000000000,179,1512,576,240,163
590,590_0,COMPLETED,SOBOL,0.320000000000000006661338147751,68.000000000000000000000000000000,0.040000000000000000832667268469,3159,1148,825,161,15
591,591_0,ABANDONED,SOBOL,,,,1698,4474,315,14,207
592,592_0,COMPLETED,SOBOL,0.320000000000000006661338147751,129.000000000000000000000000000000,0.000000000000000000000000000000,1472,2311,809,72,50
593,593_0,ABANDONED,SOBOL,,,,3673,3312,300,220,233
594,594_0,ABANDONED,SOBOL,,,,4449,38,561,26,153
595,595_0,COMPLETED,SOBOL,0.320000000000000006661338147751,54.000000000000000000000000000000,0.000000000000000000000000000000,820,887,497,144,95
596,596_0,ABANDONED,SOBOL,,,,4351,4740,987,59,185
597,597_0,ABANDONED,SOBOL,,,,2529,1773,249,191,198
598,598_0,COMPLETED,SOBOL,0.309999999999999997779553950750,141.000000000000000000000000000000,0.029999999999999998889776975375,2308,2599,742,106,21
599,599_0,COMPLETED,SOBOL,0.320000000000000006661338147751,96.000000000000000000000000000000,0.000000000000000000000000000000,2395,1622,276,167,137
600,600_0,ABANDONED,SOBOL,,,,2770,2750,770,3,85
601,601_0,ABANDONED,SOBOL,,,,730,4910,522,79,249
602,602_0,ABANDONED,SOBOL,,,,472,160,963,114,213
603,603_0,COMPLETED,SOBOL,0.579999999999999960031971113494,347.000000000000000000000000000000,0.890000000000000013322676295502,4678,4217,458,215,5
604,604_0,ABANDONED,SOBOL,,,,3452,2492,719,35,112
605,605_0,ABANDONED,SOBOL,,,,1405,3131,210,136,169
606,606_0,COMPLETED,SOBOL,0.349999999999999977795539507497,68.000000000000000000000000000000,0.040000000000000000832667268469,1765,997,672,202,75
607,607_0,ABANDONED,SOBOL,,,,3379,4625,163,101,143
608,608_0,ABANDONED,SOBOL,,,,4743,1342,916,157,224
609,609_0,ABANDONED,SOBOL,,,,110,3035,411,55,57
610,610_0,ABANDONED,SOBOL,,,,1112,2035,110,22,30
611,611_0,ABANDONED,SOBOL,,,,4057,3592,600,185,191
612,612_0,ABANDONED,SOBOL,,,,2823,617,354,69,179
613,613_0,COMPLETED,SOBOL,0.320000000000000006661338147751,187.000000000000000000000000000000,0.029999999999999998889776975375,2015,3756,848,232,105
614,614_0,COMPLETED,SOBOL,0.320000000000000006661338147751,64.000000000000000000000000000000,0.000000000000000000000000000000,1979,1124,340,100,42
615,615_0,ABANDONED,SOBOL,,,,2854,4499,829,202,242
616,616_0,COMPLETED,SOBOL,0.330000000000000015543122344752,150.000000000000000000000000000000,0.010000000000000000208166817117,1143,2851,585,154,94
617,617_0,COMPLETED,SOBOL,0.320000000000000006661338147751,105.000000000000000000000000000000,0.000000000000000000000000000000,157,1927,902,188,118
618,618_0,ABANDONED,SOBOL,,,,4701,3700,393,25,162
619,619_0,COMPLETED,SOBOL,0.320000000000000006661338147751,32.000000000000000000000000000000,0.000000000000000000000000000000,3426,411,654,233,204
620,620_0,COMPLETED,SOBOL,0.309999999999999997779553950750,218.000000000000000000000000000000,0.020000000000000000416333634234,1723,3961,148,70,14
621,621_0,ABANDONED,SOBOL,,,,1358,1749,732,4,233
622,622_0,COMPLETED,SOBOL,0.340000000000000024424906541753,153.000000000000000000000000000000,0.029999999999999998889776975375,3493,2624,226,168,47
623,623_0,COMPLETED,SOBOL,0.320000000000000006661338147751,56.000000000000000000000000000000,0.000000000000000000000000000000,4631,902,980,82,68
624,624_0,COMPLETED,SOBOL,0.280000000000000026645352591004,244.000000000000000000000000000000,0.010000000000000000208166817117,514,4726,471,246,150
625,625_0,COMPLETED,SOBOL,0.309999999999999997779553950750,241.000000000000000000000000000000,0.050000000000000002775557561563,4071,4325,539,111,96
626,626_0,COMPLETED,SOBOL,0.309999999999999997779553950750,126.000000000000000000000000000000,0.029999999999999998889776975375,2807,2286,293,135,23
627,627_0,ABANDONED,SOBOL,,,,2364,3336,783,34,199
628,628_0,COMPLETED,SOBOL,0.320000000000000006661338147751,134.000000000000000000000000000000,0.000000000000000000000000000000,2271,2438,202,223,84
629,629_0,ABANDONED,SOBOL,,,,2560,3184,693,75,134
630,630_0,ABANDONED,SOBOL,,,,4314,224,447,175,248
631,631_0,ABANDONED,SOBOL,,,,851,4153,941,27,32
632,632_0,COMPLETED,SOBOL,0.320000000000000006661338147751,49.000000000000000000000000000000,0.000000000000000000000000000000,449,780,515,58,8
633,633_0,ABANDONED,SOBOL,,,,3720,1569,759,103,172
634,634_0,COMPLETED,SOBOL,0.309999999999999997779553950750,173.000000000000000000000000000000,0.020000000000000000416333634234,1431,2804,254,189,112
635,635_0,ABANDONED,SOBOL,,,,1652,563,868,131,144
636,636_0,ABANDONED,SOBOL,,,,3201,3809,363,45,78
637,637_0,COMPLETED,SOBOL,0.320000000000000006661338147751,149.000000000000000000000000000000,0.000000000000000000000000000000,4924,2098,624,210,57
638,638_0,ABANDONED,SOBOL,,,,1060,1405,432,94,189
639,639_0,COMPLETED,SOBOL,0.489999999999999991118215802999,189.000000000000000000000000000000,0.289999999999999980015985556747,3778,2972,925,241,29
640,640_0,ABANDONED,SOBOL,,,,3099,944,187,17,102
641,641_0,ABANDONED,SOBOL,,,,2070,4679,677,164,178
642,642_0,COMPLETED,SOBOL,0.330000000000000015543122344752,84.000000000000000000000000000000,0.059999999999999997779553950750,2128,1459,995,192,9
643,643_0,ABANDONED,SOBOL,,,,3042,2918,489,107,208
644,644_0,ABANDONED,SOBOL,,,,3837,1193,750,147,159
645,645_0,ABANDONED,SOBOL,,,,1000,4429,241,61,122
646,646_0,ABANDONED,SOBOL,,,,281,343,308,31,89
647,647_0,COMPLETED,SOBOL,0.299999999999999988897769753748,257.000000000000000000000000000000,0.050000000000000002775557561563,4865,4029,801,179,132
648,648_0,COMPLETED,SOBOL,0.419999999999999984456877655248,204.000000000000000000000000000000,0.149999999999999994448884876874,1594,3631,553,227,46
649,649_0,ABANDONED,SOBOL,,,,3662,4793,569,13,20
650,650_0,COMPLETED,SOBOL,0.340000000000000024424906541753,101.000000000000000000000000000000,0.059999999999999997779553950750,4468,1818,323,237,101
651,651_0,ABANDONED,SOBOL,,,,389,2554,817,90,183
652,652_0,ABANDONED,SOBOL,,,,910,2218,641,119,153
653,653_0,COMPLETED,SOBOL,0.390000000000000013322676295502,197.000000000000000000000000000000,0.250000000000000000000000000000,4253,3404,132,205,65
654,654_0,ABANDONED,SOBOL,,,,2619,121,885,40,52
655,655_0,ABANDONED,SOBOL,,,,2215,4256,380,127,228
656,656_0,ABANDONED,SOBOL,,,,2459,311,607,66,116
657,657_0,ABANDONED,SOBOL,,,,4170,2349,856,21,218
658,658_0,COMPLETED,SOBOL,0.530000000000000026645352591004,237.000000000000000000000000000000,0.419999999999999984456877655248,668,3273,347,183,4
659,659_0,COMPLETED,SOBOL,0.320000000000000006661338147751,91.000000000000000000000000000000,0.000000000000000000000000000000,612,1656,171,150,36
660,660_0,ABANDONED,SOBOL,,,,4532,2716,664,48,244
661,661_0,COMPLETED,SOBOL,0.330000000000000015543122344752,50.000000000000000000000000000000,0.070000000000000006661338147751,3590,691,419,198,138
662,662_0,COMPLETED,SOBOL,0.299999999999999988897769753748,273.000000000000000000000000000000,0.020000000000000000416333634234,1262,4935,909,96,80
663,663_0,ABANDONED,SOBOL,,,,1820,2186,466,38,174
664,664_0,COMPLETED,SOBOL,0.309999999999999997779553950750,199.000000000000000000000000000000,0.040000000000000000832667268469,3330,3442,955,139,107
665,665_0,COMPLETED,SOBOL,0.440000000000000002220446049250,52.000000000000000000000000000000,0.380000000000000004440892098501,4799,475,218,115,25
666,666_0,COMPLETED,SOBOL,0.309999999999999997779553950750,217.000000000000000000000000000000,0.000000000000000000000000000000,57,3898,711,216,192
667,667_0,COMPLETED,SOBOL,0.320000000000000006661338147751,63.000000000000000000000000000000,0.000000000000000000000000000000,1243,1031,778,250,223
668,668_0,COMPLETED,SOBOL,0.320000000000000006661338147751,278.000000000000000000000000000000,0.050000000000000002775557561563,3922,4591,268,86,62
669,669_0,COMPLETED,SOBOL,0.320000000000000006661338147751,76.000000000000000000000000000000,0.000000000000000000000000000000,2950,1317,529,171,74
670,670_0,ABANDONED,SOBOL,,,,1893,1328,487,227,235
671,671_0,COMPLETED,SOBOL,0.299999999999999988897769753748,197.000000000000000000000000000000,0.040000000000000000832667268469,2963,3052,996,79,45
672,672_0,COMPLETED,SOBOL,0.330000000000000015543122344752,67.000000000000000000000000000000,0.050000000000000002775557561563,3917,1023,243,179,87
673,673_0,ABANDONED,SOBOL,,,,1234,4602,748,31,131
674,674_0,ABANDONED,SOBOL,,,,46,485,799,61,159
675,675_0,COMPLETED,SOBOL,0.299999999999999988897769753748,259.000000000000000000000000000000,0.050000000000000002775557561563,4786,3889,310,147,125
676,676_0,COMPLETED,SOBOL,0.369999999999999995559107901499,131.000000000000000000000000000000,0.029999999999999998889776975375,3336,2177,555,107,11
677,677_0,COMPLETED,SOBOL,0.349999999999999977795539507497,50.000000000000000000000000000000,0.050000000000000002775557561563,1254,703,571,126,55
678,678_0,COMPLETED,SOBOL,0.320000000000000006661338147751,89.000000000000000000000000000000,0.000000000000000000000000000000,4545,1648,815,205,156
679,679_0,COMPLETED,SOBOL,0.280000000000000026645352591004,162.000000000000000000000000000000,0.010000000000000000208166817117,623,2727,325,120,65
680,680_0,ABANDONED,SOBOL,,,,676,2360,133,89,100
681,681_0,COMPLETED,SOBOL,0.349999999999999977795539507497,177.000000000000000000000000000000,0.040000000000000000832667268469,4176,3264,639,238,181
682,682_0,ABANDONED,SOBOL,,,,2696,302,378,12,201
683,683_0,COMPLETED,SOBOL,0.309999999999999997779553950750,224.000000000000000000000000000000,0.029999999999999998889776975375,2449,4077,887,161,16
684,684_0,COMPLETED,SOBOL,0.320000000000000006661338147751,238.000000000000000000000000000000,0.029999999999999998889776975375,2632,4247,610,197,81
685,685_0,COMPLETED,SOBOL,0.320000000000000006661338147751,121.000000000000000000000000000000,0.000000000000000000000000000000,4248,2209,349,49,39
686,686_0,ABANDONED,SOBOL,,,,902,3415,854,150,245
687,687_0,ABANDONED,SOBOL,,,,379,1829,662,184,216
688,688_0,COMPLETED,SOBOL,0.359999999999999986677323704498,142.000000000000000000000000000000,0.029999999999999998889776975375,4455,2546,172,20,1
689,689_0,COMPLETED,SOBOL,0.340000000000000024424906541753,60.000000000000000000000000000000,0.170000000000000012212453270877,3668,826,910,230,116
690,690_0,ABANDONED,SOBOL,,,,1496,4804,417,66,165
691,691_0,ABANDONED,SOBOL,,,,1585,2007,957,8,71
692,692_0,COMPLETED,SOBOL,0.309999999999999997779553950750,180.000000000000000000000000000000,0.040000000000000000832667268469,3252,3623,464,171,147
693,693_0,ABANDONED,SOBOL,,,,4878,335,709,87,220
694,694_0,COMPLETED,SOBOL,0.380000000000000004440892098501,229.000000000000000000000000000000,0.050000000000000002775557561563,292,4040,219,250,60
695,695_0,COMPLETED,SOBOL,0.289999999999999980015985556747,72.000000000000000000000000000000,0.010000000000000000208166817117,1008,1204,271,216,26
696,696_0,ABANDONED,SOBOL,,,,3844,4421,776,115,196
697,697_0,ABANDONED,SOBOL,,,,2117,2929,532,38,109
698,698_0,ABANDONED,SOBOL,,,,2056,955,832,70,207
699,699_0,COMPLETED,SOBOL,0.390000000000000013322676295502,253.000000000000000000000000000000,0.200000000000000011102230246252,3088,4670,338,234,15
700,700_0,ABANDONED,SOBOL,,,,3787,1396,583,24,121
701,701_0,COMPLETED,SOBOL,0.320000000000000006661338147751,115.000000000000000000000000000000,0.000000000000000000000000000000,234,2110,394,153,127
702,702_0,ABANDONED,SOBOL,,,,4935,3520,900,53,91
703,703_0,COMPLETED,SOBOL,0.479999999999999982236431605997,72.000000000000000000000000000000,0.650000000000000022204460492503,3192,554,146,201,41
704,704_0,ABANDONED,SOBOL,,,,1646,3821,655,100,239
705,705_0,COMPLETED,SOBOL,0.320000000000000006661338147751,86.000000000000000000000000000000,0.000000000000000000000000000000,1437,1580,224,34,21
706,706_0,ABANDONED,SOBOL,,,,3728,2795,733,135,197
707,707_0,ABANDONED,SOBOL,,,,4397,772,472,111,184
708,708_0,COMPLETED,SOBOL,0.299999999999999988897769753748,251.000000000000000000000000000000,0.010000000000000000208166817117,435,4858,978,212,96
709,709_0,COMPLETED,SOBOL,0.479999999999999982236431605997,48.000000000000000000000000000000,0.299999999999999988897769753748,845,235,536,246,70
710,710_0,ABANDONED,SOBOL,,,,2572,2430,785,167,233
711,711_0,ABANDONED,SOBOL,,,,2285,3195,291,4,51
712,712_0,COMPLETED,SOBOL,0.320000000000000006661338147751,136.000000000000000000000000000000,0.000000000000000000000000000000,2350,2297,694,189,169
713,713_0,ABANDONED,SOBOL,,,,2796,3328,201,103,111
714,714_0,COMPLETED,SOBOL,0.609999999999999986677323704498,244.000000000000000000000000000000,1.000000000000000000000000000000,4079,44,939,143,5
715,715_0,ABANDONED,SOBOL,,,,772,4336,449,57,213
716,716_0,COMPLETED,SOBOL,0.330000000000000015543122344752,283.000000000000000000000000000000,0.059999999999999997779553950750,4643,4717,513,175,35
717,717_0,ABANDONED,SOBOL,,,,3484,1740,252,75,85
718,718_0,COMPLETED,SOBOL,0.320000000000000006661338147751,152.000000000000000000000000000000,0.000000000000000000000000000000,1352,2634,761,222,137
719,719_0,COMPLETED,SOBOL,0.320000000000000006661338147751,31.000000000000000000000000000000,0.000000000000000000000000000000,1730,422,361,165,106
720,720_0,ABANDONED,SOBOL,,,,3435,3953,871,16,178
721,721_0,COMPLETED,SOBOL,0.320000000000000006661338147751,195.000000000000000000000000000000,0.000000000000000000000000000000,143,3711,622,93,31
722,722_0,COMPLETED,SOBOL,0.320000000000000006661338147751,93.000000000000000000000000000000,0.000000000000000000000000000000,1137,1538,923,124,57
723,723_0,ABANDONED,SOBOL,,,,4012,2842,433,209,223
724,724_0,ABANDONED,SOBOL,,,,2865,1115,679,45,142
725,725_0,COMPLETED,SOBOL,0.299999999999999988897769753748,271.000000000000000000000000000000,0.020000000000000000416333634234,1992,4509,185,130,76
726,726_0,ABANDONED,SOBOL,,,,2024,608,631,14,14
727,727_0,ABANDONED,SOBOL,,,,4044,2046,879,92,162
728,728_0,COMPLETED,SOBOL,0.320000000000000006661338147751,203.000000000000000000000000000000,0.029999999999999998889776975375,1100,3583,386,241,118
729,729_0,ABANDONED,SOBOL,,,,4736,3047,579,125,128
730,730_0,ABANDONED,SOBOL,,,,3393,1009,317,133,242
731,731_0,COMPLETED,SOBOL,0.309999999999999997779553950750,280.000000000000000000000000000000,0.020000000000000000416333634234,1776,4616,823,48,42
732,732_0,ABANDONED,SOBOL,,,,1393,2483,302,106,198
733,733_0,COMPLETED,SOBOL,0.349999999999999977795539507497,215.000000000000000000000000000000,0.130000000000000004440892098501,3438,3141,807,192,24
734,734_0,ABANDONED,SOBOL,,,,481,4209,563,144,187
735,735_0,COMPLETED,SOBOL,0.320000000000000006661338147751,45.000000000000000000000000000000,0.000000000000000000000000000000,741,708,988,174,149
736,736_0,ABANDONED,SOBOL,,,,4116,4922,495,27,68
737,737_0,COMPLETED,SOBOL,0.320000000000000006661338147751,97.000000000000000000000000000000,0.110000000000000000555111512313,2764,1634,740,220,48
738,738_0,ABANDONED,SOBOL,,,,2387,2742,250,72,232
739,739_0,COMPLETED,SOBOL,0.320000000000000006661338147751,109.000000000000000000000000000000,0.000000000000000000000000000000,2317,1765,768,137,112
740,740_0,ABANDONED,SOBOL,,,,2535,2610,278,35,172
741,741_0,COMPLETED,SOBOL,0.320000000000000006661338147751,53.000000000000000000000000000000,0.000000000000000000000000000000,4337,898,524,215,214
742,742_0,COMPLETED,SOBOL,0.309999999999999997779553950750,285.000000000000000000000000000000,0.010000000000000000208166817117,808,4732,30,114,7
743,743_0,COMPLETED,SOBOL,0.469999999999999973354647408996,31.000000000000000000000000000000,0.200000000000000011102230246252,394,29,456,80,32
744,744_0,ABANDONED,SOBOL,,,,4443,4351,965,243,249
745,745_0,ABANDONED,SOBOL,,,,3687,2321,211,3,134
746,746_0,COMPLETED,SOBOL,0.309999999999999997779553950750,182.000000000000000000000000000000,0.020000000000000000416333634234,1483,3303,717,166,84
747,747_0,ABANDONED,SOBOL,,,,3146,4485,670,69,103
748,748_0,COMPLETED,SOBOL,0.320000000000000006661338147751,93.000000000000000000000000000000,0.000000000000000000000000000000,4976,1523,409,185,30
749,749_0,ABANDONED,SOBOL,,,,188,2857,918,21,188
750,750_0,ABANDONED,SOBOL,,,,1034,1904,602,56,226
751,751_0,COMPLETED,SOBOL,0.299999999999999988897769753748,227.000000000000000000000000000000,0.050000000000000002775557561563,3824,3726,108,157,58
752,752_0,COMPLETED,SOBOL,0.320000000000000006661338147751,33.000000000000000000000000000000,0.000000000000000000000000000000,3056,446,846,102,78
753,753_0,COMPLETED,SOBOL,0.320000000000000006661338147751,219.000000000000000000000000000000,0.029999999999999998889776975375,2093,3928,357,202,144
754,754_0,ABANDONED,SOBOL,,,,2997,3516,544,7,238
755,755_0,COMPLETED,SOBOL,0.419999999999999984456877655248,55.000000000000000000000000000000,0.440000000000000002220446049250,3880,539,283,247,132
756,756_0,ABANDONED,SOBOL,,,,976,3836,793,84,90
757,757_0,ABANDONED,SOBOL,,,,245,1076,725,117,122
758,758_0,COMPLETED,SOBOL,0.320000000000000006661338147751,277.000000000000000000000000000000,0.059999999999999997779553950750,4920,4548,232,219,158
759,759_0,ABANDONED,SOBOL,,,,3205,1264,970,39,208
760,760_0,COMPLETED,SOBOL,0.340000000000000024424906541753,236.000000000000000000000000000000,0.020000000000000000416333634234,1627,3115,480,140,10
761,761_0,ABANDONED,SOBOL,,,,1543,239,892,198,229
762,762_0,COMPLETED,SOBOL,0.330000000000000015543122344752,214.000000000000000000000000000000,0.050000000000000002775557561563,3626,4141,402,97,52
763,763_0,COMPLETED,SOBOL,0.380000000000000004440892098501,138.000000000000000000000000000000,0.029999999999999998889776975375,4501,2414,647,152,64
764,764_0,ABANDONED,SOBOL,,,,337,3211,154,52,153
765,765_0,ABANDONED,SOBOL,,,,865,1701,330,17,184
766,766_0,COMPLETED,SOBOL,0.320000000000000006661338147751,134.000000000000000000000000000000,0.000000000000000000000000000000,4279,2674,839,181,100
767,767_0,COMPLETED,SOBOL,0.320000000000000006661338147751,42.000000000000000000000000000000,0.000000000000000000000000000000,2595,639,86,65,19
768,768_0,COMPLETED,SOBOL,0.289999999999999980015985556747,284.000000000000000000000000000000,0.029999999999999998889776975375,2257,4990,591,229,202
769,769_0,ABANDONED,SOBOL,,,,2485,810,426,44,80
770,770_0,ABANDONED,SOBOL,,,,2665,4819,931,129,137
771,771_0,COMPLETED,SOBOL,0.299999999999999988897769753748,144.000000000000000000000000000000,0.020000000000000000416333634234,645,2521,686,206,36
772,772_0,COMPLETED,SOBOL,0.440000000000000002220446049250,149.000000000000000000000000000000,0.309999999999999997779553950750,577,2234,863,237,4
773,773_0,ABANDONED,SOBOL,,,,4587,3391,369,88,217
774,774_0,ABANDONED,SOBOL,,,,3538,118,614,158,168
775,775_0,ABANDONED,SOBOL,,,,1296,4262,125,9,117
776,776_0,ABANDONED,SOBOL,,,,1875,1436,505,76,148
777,777_0,ABANDONED,SOBOL,,,,4833,1228,753,30,61
778,778_0,ABANDONED,SOBOL,,,,4,4396,260,178,223
779,779_0,ABANDONED,SOBOL,,,,1198,359,193,148,193
780,780_0,COMPLETED,SOBOL,0.299999999999999988897769753748,208.000000000000000000000000000000,0.050000000000000002775557561563,3948,4016,702,62,25
781,781_0,COMPLETED,SOBOL,0.320000000000000006661338147751,111.000000000000000000000000000000,0.000000000000000000000000000000,2927,1992,441,196,106
782,782_0,ABANDONED,SOBOL,,,,1924,3638,947,110,174
783,783_0,COMPLETED,SOBOL,0.349999999999999977795539507497,55.000000000000000000000000000000,0.070000000000000006661338147751,1948,755,206,204,119
784,784_0,ABANDONED,SOBOL,,,,2908,4872,715,119,161
785,785_0,ABANDONED,SOBOL,,,,3969,1583,462,127,205
786,786_0,COMPLETED,SOBOL,0.280000000000000026645352591004,163.000000000000000000000000000000,0.010000000000000000208166817117,1182,2789,967,42,12
787,787_0,ABANDONED,SOBOL,,,,20,2452,518,11,43
788,788_0,ABANDONED,SOBOL,,,,3313,199,774,90,129
789,789_0,COMPLETED,SOBOL,0.369999999999999995559107901499,226.000000000000000000000000000000,0.070000000000000006661338147751,1852,4179,280,238,92
790,790_0,ABANDONED,SOBOL,,,,1318,1380,852,180,186
791,791_0,ABANDONED,SOBOL,,,,3520,2997,358,32,98
792,792_0,COMPLETED,SOBOL,0.429999999999999993338661852249,75.000000000000000000000000000000,0.349999999999999977795539507497,4608,958,596,225,23
793,793_0,ABANDONED,SOBOL,,,,661,577,415,108,231
794,794_0,COMPLETED,SOBOL,0.359999999999999986677323704498,236.000000000000000000000000000000,0.100000000000000005551115123126,4192,3795,920,194,49
795,795_0,ABANDONED,SOBOL,,,,2682,2074,159,60,68
796,796_0,ABANDONED,SOBOL,,,,2462,3554,668,146,150
797,797_0,COMPLETED,SOBOL,0.320000000000000006661338147751,107.000000000000000000000000000000,0.000000000000000000000000000000,2242,1952,319,86,7
798,798_0,COMPLETED,SOBOL,0.320000000000000006661338147751,246.000000000000000000000000000000,0.029999999999999998889776975375,2616,3675,828,249,215
799,799_0,COMPLETED,SOBOL,0.320000000000000006661338147751,235.000000000000000000000000000000,0.010000000000000000208166817117,888,3976,573,172,113
800,800_0,COMPLETED,SOBOL,0.320000000000000006661338147751,66.000000000000000000000000000000,0.000000000000000000000000000000,314,1110,881,138,83
801,801_0,ABANDONED,SOBOL,,,,4519,4512,392,37,135
802,802_0,ABANDONED,SOBOL,,,,3606,1551,629,217,247
803,803_0,COMPLETED,SOBOL,0.349999999999999977795539507497,160.000000000000000000000000000000,0.020000000000000000416333634234,1558,2825,135,115,33
804,804_0,ABANDONED,SOBOL,,,,1611,77,738,50,189
805,805_0,COMPLETED,SOBOL,0.299999999999999988897769753748,248.000000000000000000000000000000,0.040000000000000000832667268469,3226,4300,245,150,29
806,806_0,ABANDONED,SOBOL,,,,4901,2272,990,95,104
807,807_0,COMPLETED,SOBOL,0.320000000000000006661338147751,184.000000000000000000000000000000,0.000000000000000000000000000000,269,3351,501,196,177
808,808_0,ABANDONED,SOBOL,,,,3899,2637,557,67,77
809,809_0,COMPLETED,SOBOL,0.340000000000000024424906541753,61.000000000000000000000000000000,0.059999999999999997779553950750,2976,927,304,183,59
810,810_0,ABANDONED,SOBOL,,,,2169,4700,813,19,225
811,811_0,COMPLETED,SOBOL,0.320000000000000006661338147751,91.000000000000000000000000000000,0.000000000000000000000000000000,2072,1672,612,112,89
812,812_0,ABANDONED,SOBOL,,,,3800,668,865,33,237
813,813_0,COMPLETED,SOBOL,0.299999999999999988897769753748,279.000000000000000000000000000000,0.010000000000000000208166817117,1052,4959,375,135,47
814,814_0,COMPLETED,SOBOL,0.380000000000000004440892098501,36.000000000000000000000000000000,0.110000000000000000555111512313,169,287,176,168,9
815,815_0,ABANDONED,SOBOL,,,,5000,4090,681,5,209
816,816_0,COMPLETED,SOBOL,0.320000000000000006661338147751,119.000000000000000000000000000000,0.000000000000000000000000000000,3130,2364,427,245,157
817,817_0,ABANDONED,SOBOL,,,,1708,3258,937,82,123
818,818_0,ABANDONED,SOBOL,,,,1463,1046,443,23,155
819,819_0,COMPLETED,SOBOL,0.309999999999999997779553950750,234.000000000000000000000000000000,0.050000000000000002775557561563,3702,4576,953,187,63
820,820_0,COMPLETED,SOBOL,0.320000000000000006661338147751,74.000000000000000000000000000000,0.000000000000000000000000000000,4420,1293,191,71,52
821,821_0,COMPLETED,SOBOL,0.309999999999999997779553950750,169.000000000000000000000000000000,0.010000000000000000208166817117,412,3084,696,235,228
822,822_0,ABANDONED,SOBOL,,,,790,2162,756,200,203
823,823_0,COMPLETED,SOBOL,0.330000000000000015543122344752,203.000000000000000000000000000000,0.040000000000000000832667268469,4361,3465,265,100,19
824,824_0,COMPLETED,SOBOL,0.320000000000000006661338147751,37.000000000000000000000000000000,0.029999999999999998889776975375,2519,490,503,154,101
825,825_0,COMPLETED,SOBOL,0.429999999999999993338661852249,42.000000000000000000000000000000,0.609999999999999986677323704498,2405,328,976,243,37
826,826_0,ABANDONED,SOBOL,,,,2741,4044,482,94,243
827,827_0,COMPLETED,SOBOL,0.320000000000000006661338147751,113.000000000000000000000000000000,0.000000000000000000000000000000,4131,2020,720,164,138
828,828_0,ABANDONED,SOBOL,,,,720,3607,230,15,80
829,829_0,ABANDONED,SOBOL,,,,502,1483,289,46,117
830,830_0,ABANDONED,SOBOL,,,,4668,2895,794,131,167
831,831_0,COMPLETED,SOBOL,0.599999999999999977795539507497,333.000000000000000000000000000000,0.709999999999999964472863211995,1376,4445,542,208,3
832,832_0,ABANDONED,SOBOL,,,,3370,3419,589,56,63
833,833_0,COMPLETED,SOBOL,0.560000000000000053290705182008,61.000000000000000000000000000000,0.880000000000000004440892098501,4753,145,336,190,73
834,834_0,ABANDONED,SOBOL,,,,81,4232,841,104,149
835,835_0,ABANDONED,SOBOL,,,,1122,858,642,74,173
836,836_0,COMPLETED,SOBOL,0.309999999999999997779553950750,281.000000000000000000000000000000,0.050000000000000002775557561563,4028,4770,152,222,107
837,837_0,COMPLETED,SOBOL,0.320000000000000006661338147751,104.000000000000000000000000000000,0.000000000000000000000000000000,2852,1803,898,29,24
838,838_0,ABANDONED,SOBOL,,,,2006,2570,404,176,193
839,839_0,ABANDONED,SOBOL,,,,1969,2389,912,59,130
840,840_0,COMPLETED,SOBOL,0.299999999999999988897769753748,202.000000000000000000000000000000,0.040000000000000000832667268469,2883,3233,423,145,88
841,841_0,COMPLETED,SOBOL,0.409999999999999975575093458247,47.000000000000000000000000000000,0.440000000000000002220446049250,3992,273,660,105,44
842,842_0,COMPLETED,SOBOL,0.320000000000000006661338147751,44.000000000000000000000000000000,0.000000000000000000000000000000,127,653,351,220,210
843,843_0,COMPLETED,SOBOL,0.309999999999999997779553950750,259.000000000000000000000000000000,0.059999999999999997779553950750,4711,4974,860,73,12
844,844_0,ABANDONED,SOBOL,,,,1752,2676,604,26,160
845,845_0,COMPLETED,SOBOL,0.309999999999999997779553950750,206.000000000000000000000000000000,0.040000000000000000832667268469,3503,3858,526,239,156
846,846_0,ABANDONED,SOBOL,,,,4622,2148,273,14,231
847,847_0,COMPLETED,SOBOL,0.309999999999999997779553950750,211.000000000000000000000000000000,0.010000000000000000208166817117,544,3480,782,163,53
848,848_0,COMPLETED,SOBOL,0.320000000000000006661338147751,74.000000000000000000000000000000,0.000000000000000000000000000000,756,1278,707,132,17
849,849_0,ABANDONED,SOBOL,,,,4100,3099,213,47,201
850,850_0,COMPLETED,SOBOL,0.320000000000000006661338147751,66.000000000000000000000000000000,0.000000000000000000000000000000,2777,1071,959,211,182
851,851_0,COMPLETED,SOBOL,0.299999999999999988897769753748,247.000000000000000000000000000000,0.029999999999999998889776975375,2373,4551,470,126,98
852,852_0,ABANDONED,SOBOL,,,,2301,1231,549,186,246
853,853_0,ABANDONED,SOBOL,,,,2551,4391,59,22,38
854,854_0,COMPLETED,SOBOL,0.330000000000000015543122344752,84.000000000000000000000000000000,0.050000000000000002775557561563,4324,1419,805,232,82
855,855_0,ABANDONED,SOBOL,,,,822,2958,312,68,140
856,856_0,ABANDONED,SOBOL,,,,459,1957,237,102,166
857,857_0,COMPLETED,SOBOL,0.340000000000000024424906541753,225.000000000000000000000000000000,0.050000000000000002775557561563,4378,3671,746,203,114
858,858_0,COMPLETED,SOBOL,0.589999999999999968913755310496,214.000000000000000000000000000000,1.000000000000000000000000000000,3749,382,493,55,2
859,859_0,ABANDONED,SOBOL,,,,1421,3991,998,155,216
860,860_0,COMPLETED,SOBOL,0.340000000000000024424906541753,109.000000000000000000000000000000,0.040000000000000000832667268469,1662,1856,384,214,59
861,861_0,ABANDONED,SOBOL,,,,3172,2516,889,113,221
862,862_0,ABANDONED,SOBOL,,,,211,4833,637,36,72
863,863_0,ABANDONED,SOBOL,,,,1089,81,821,2,108
864,864_0,ABANDONED,SOBOL,,,,3769,4296,327,165,176
865,865_0,ABANDONED,SOBOL,,,,3109,2257,565,81,195
866,866_0,COMPLETED,SOBOL,0.320000000000000006661338147751,180.000000000000000000000000000000,0.340000000000000024424906541753,2041,3366,75,244,27
867,867_0,ABANDONED,SOBOL,,,,2137,184,258,152,165
868,868_0,ABANDONED,SOBOL,,,,3013,4193,763,51,120
869,869_0,ABANDONED,SOBOL,,,,990,3146,511,99,206
870,870_0,ABANDONED,SOBOL,,,,310,1608,945,64,241
871,871_0,COMPLETED,SOBOL,0.400000000000000022204460492503,203.000000000000000000000000000000,0.100000000000000005551115123126,4855,2765,451,228,40
872,872_0,ABANDONED,SOBOL,,,,3267,741,688,18,91
873,873_0,COMPLETED,SOBOL,0.309999999999999997779553950750,349.000000000000000000000000000000,0.020000000000000000416333634234,1565,4887,199,182,126
874,874_0,COMPLETED,SOBOL,0.340000000000000024424906541753,122.000000000000000000000000000000,0.020000000000000000416333634234,1517,2059,673,248,95
875,875_0,ABANDONED,SOBOL,,,,4478,601,929,169,196
876,876_0,ABANDONED,SOBOL,,,,360,3771,435,6,22
877,877_0,ABANDONED,SOBOL,,,,920,982,111,40,50
878,878_0,ABANDONED,SOBOL,,,,4224,4640,620,142,234
879,879_0,ABANDONED,SOBOL,,,,2648,1366,367,117,151
880,880_0,COMPLETED,SOBOL,0.309999999999999997779553950750,184.000000000000000000000000000000,0.050000000000000002775557561563,2205,3012,873,218,71
881,881_0,COMPLETED,SOBOL,0.400000000000000022204460492503,163.000000000000000000000000000000,0.239999999999999991118215802999,2719,2889,649,177,6
882,882_0,ABANDONED,SOBOL,,,,4160,1164,396,77,110
883,883_0,COMPLETED,SOBOL,0.309999999999999997779553950750,306.000000000000000000000000000000,0.010000000000000000208166817117,697,4459,906,225,170
884,884_0,COMPLETED,SOBOL,0.320000000000000006661338147751,35.000000000000000000000000000000,0.000000000000000000000000000000,603,450,581,195,136
885,885_0,COMPLETED,SOBOL,0.299999999999999988897769753748,223.000000000000000000000000000000,0.050000000000000002775557561563,4562,3922,88,109,86
886,886_0,COMPLETED,SOBOL,0.320000000000000006661338147751,120.000000000000000000000000000000,0.000000000000000000000000000000,3561,1889,834,149,34
887,887_0,ABANDONED,SOBOL,,,,1272,3738,344,63,250
888,888_0,COMPLETED,SOBOL,0.349999999999999977795539507497,55.000000000000000000000000000000,0.020000000000000000416333634234,1811,864,787,122,31
889,889_0,COMPLETED,SOBOL,0.299999999999999988897769753748,258.000000000000000000000000000000,0.040000000000000000832667268469,3360,4764,297,207,190
890,890_0,ABANDONED,SOBOL,,,,4770,1789,534,43,179
891,891_0,COMPLETED,SOBOL,0.320000000000000006661338147751,134.000000000000000000000000000000,0.000000000000000000000000000000,1214,2326,474,159,76
892,892_0,ABANDONED,SOBOL,,,,3932,3296,984,11,141
893,893_0,COMPLETED,SOBOL,0.299999999999999988897769753748,236.000000000000000000000000000000,0.020000000000000000416333634234,1911,4364,727,88,56
894,894_0,ABANDONED,SOBOL,,,,1913,871,279,18,191
895,895_0,COMPLETED,SOBOL,0.330000000000000015543122344752,230.000000000000000000000000000000,0.040000000000000000832667268469,2944,4753,772,181,30
896,896_0,COMPLETED,SOBOL,0.320000000000000006661338147751,155.000000000000000000000000000000,0.000000000000000000000000000000,1214,2598,517,228,179
897,897_0,COMPLETED,SOBOL,0.320000000000000006661338147751,135.000000000000000000000000000000,0.000000000000000000000000000000,66,2339,966,199,142
898,898_0,COMPLETED,SOBOL,0.340000000000000024424906541753,175.000000000000000000000000000000,0.040000000000000000832667268469,4767,3291,460,97,75
899,899_0,COMPLETED,SOBOL,0.320000000000000006661338147751,12.000000000000000000000000000000,0.000000000000000000000000000000,3355,2,714,153,57
900,900_0,COMPLETED,SOBOL,0.390000000000000013322676295502,92.000000000000000000000000000000,0.089999999999999996669330926125,1273,1496,667,118,5
901,901_0,ABANDONED,SOBOL,,,,4565,1157,919,39,169
902,902_0,COMPLETED,SOBOL,0.289999999999999980015985556747,290.000000000000000000000000000000,0.010000000000000000208166817117,605,4473,413,140,111
903,903_0,COMPLETED,SOBOL,0.330000000000000015543122344752,40.000000000000000000000000000000,0.059999999999999997779553950750,695,464,106,170,85
904,904_0,ABANDONED,SOBOL,,,,4156,3916,595,6,137
905,905_0,ABANDONED,SOBOL,,,,2716,1877,357,247,249
906,906_0,COMPLETED,SOBOL,0.320000000000000006661338147751,197.000000000000000000000000000000,0.029999999999999998889776975375,2430,3748,851,83,35
907,907_0,ABANDONED,SOBOL,,,,2651,3557,629,62,96
908,908_0,COMPLETED,SOBOL,0.530000000000000026645352591004,87.000000000000000000000000000000,0.719999999999999973354647408996,4229,596,390,195,21
909,909_0,ABANDONED,SOBOL,,,,922,3784,880,110,197
910,910_0,ABANDONED,SOBOL,,,,359,996,572,75,233
911,911_0,COMPLETED,SOBOL,0.320000000000000006661338147751,264.000000000000000000000000000000,0.110000000000000000555111512313,4473,4633,67,224,51
912,912_0,ABANDONED,SOBOL,,,,3649,1355,827,30,70
913,913_0,COMPLETED,SOBOL,0.340000000000000024424906541753,171.000000000000000000000000000000,0.020000000000000000416333634234,1516,3020,318,178,152
914,914_0,COMPLETED,SOBOL,0.450000000000000011102230246252,38.000000000000000000000000000000,0.270000000000000017763568394003,1566,193,812,236,121
915,915_0,ABANDONED,SOBOL,,,,3272,4182,302,89,163
916,916_0,ABANDONED,SOBOL,,,,4858,2471,556,157,207
917,917_0,ABANDONED,SOBOL,,,,311,3159,51,10,14
918,918_0,COMPLETED,SOBOL,0.320000000000000006661338147751,88.000000000000000000000000000000,0.000000000000000000000000000000,989,1621,499,43,41
919,919_0,ABANDONED,SOBOL,,,,3864,2758,989,129,240
920,920_0,ABANDONED,SOBOL,,,,3009,730,244,120,127
921,921_0,COMPLETED,SOBOL,0.289999999999999980015985556747,306.000000000000000000000000000000,0.029999999999999998889776975375,2136,4894,738,206,91
922,922_0,ABANDONED,SOBOL,,,,2037,1871,937,174,220
923,923_0,ABANDONED,SOBOL,,,,3108,2509,428,26,60
924,924_0,COMPLETED,SOBOL,0.380000000000000004440892098501,64.000000000000000000000000000000,0.340000000000000024424906541753,3767,784,682,220,71
925,925_0,ABANDONED,SOBOL,,,,1085,4841,177,72,147
926,926_0,ABANDONED,SOBOL,,,,215,90,376,106,175
927,927_0,COMPLETED,SOBOL,0.309999999999999997779553950750,239.000000000000000000000000000000,0.050000000000000002775557561563,4955,4284,865,192,109
928,928_0,COMPLETED,SOBOL,0.320000000000000006661338147751,124.000000000000000000000000000000,0.000000000000000000000000000000,3172,2251,120,59,26
929,929_0,ABANDONED,SOBOL,,,,1665,3378,614,144,195
930,930_0,ABANDONED,SOBOL,,,,3747,4385,505,124,245
931,931_0,ABANDONED,SOBOL,,,,4378,1409,266,134,140
932,932_0,ABANDONED,SOBOL,,,,455,2966,756,48,82
933,933_0,ABANDONED,SOBOL,,,,825,1965,698,14,115
934,934_0,ABANDONED,SOBOL,,,,4324,3659,192,161,165
935,935_0,ABANDONED,SOBOL,,,,2553,376,953,93,217
936,936_0,COMPLETED,SOBOL,0.569999999999999951150186916493,302.000000000000000000000000000000,0.959999999999999964472863211995,2305,4003,444,240,1
937,937_0,ABANDONED,SOBOL,,,,2369,527,544,55,157
938,938_0,COMPLETED,SOBOL,0.320000000000000006661338147751,118.000000000000000000000000000000,0.000000000000000000000000000000,4099,2136,795,101,54
939,939_0,ABANDONED,SOBOL,,,,754,3489,290,203,230
940,940_0,COMPLETED,SOBOL,0.320000000000000006661338147751,75.000000000000000000000000000000,0.000000000000000000000000000000,546,1286,231,232,201
941,941_0,COMPLETED,SOBOL,0.359999999999999986677323704498,203.000000000000000000000000000000,0.040000000000000000832667268469,4623,3089,721,69,17
942,942_0,COMPLETED,SOBOL,0.320000000000000006661338147751,68.000000000000000000000000000000,0.000000000000000000000000000000,3505,1064,483,185,99
943,943_0,ABANDONED,SOBOL,,,,1333,4566,976,22,181
944,944_0,ABANDONED,SOBOL,,,,1750,2402,405,80,87
945,945_0,COMPLETED,SOBOL,0.309999999999999997779553950750,219.000000000000000000000000000000,0.040000000000000000832667268469,3416,3228,898,243,130
946,946_0,COMPLETED,SOBOL,0.309999999999999997779553950750,233.000000000000000000000000000000,0.000000000000000000000000000000,123,4114,643,167,45
947,947_0,COMPLETED,SOBOL,0.390000000000000013322676295502,58.000000000000000000000000000000,0.170000000000000012212453270877,1157,661,842,136,11
948,948_0,ABANDONED,SOBOL,,,,3993,4964,336,35,211
949,949_0,COMPLETED,SOBOL,0.320000000000000006661338147751,100.000000000000000000000000000000,0.000000000000000000000000000000,2884,1689,591,215,159
950,950_0,COMPLETED,SOBOL,0.320000000000000006661338147751,141.000000000000000000000000000000,0.020000000000000000416333634234,2004,2198,603,246,61
951,951_0,COMPLETED,SOBOL,0.369999999999999995559107901499,27.000000000000000000000000000000,0.209999999999999992228438827624,4025,154,858,168,148
952,952_0,ABANDONED,SOBOL,,,,1121,4221,349,4,74
953,953_0,ABANDONED,SOBOL,,,,81,847,166,34,106
954,954_0,ABANDONED,SOBOL,,,,4755,4777,660,135,174
955,955_0,ABANDONED,SOBOL,,,,3375,1817,421,111,193
956,956_0,COMPLETED,SOBOL,0.390000000000000013322676295502,139.000000000000000000000000000000,0.040000000000000000832667268469,1796,2563,911,212,25
957,957_0,ABANDONED,SOBOL,,,,1374,323,468,154,244
958,958_0,COMPLETED,SOBOL,0.309999999999999997779553950750,220.000000000000000000000000000000,0.040000000000000000832667268469,3458,4057,958,52,36
959,959_0,COMPLETED,SOBOL,0.320000000000000006661338147751,107.000000000000000000000000000000,0.000000000000000000000000000000,4664,2029,213,202,80
960,960_0,ABANDONED,SOBOL,,,,500,3596,706,100,138
961,961_0,ABANDONED,SOBOL,,,,722,1472,780,70,168
962,962_0,COMPLETED,SOBOL,0.359999999999999986677323704498,163.000000000000000000000000000000,0.040000000000000000832667268469,4136,2902,271,233,116
963,963_0,COMPLETED,SOBOL,0.320000000000000006661338147751,72.000000000000000000000000000000,0.000000000000000000000000000000,2744,1191,525,25,4
964,964_0,COMPLETED,SOBOL,0.320000000000000006661338147751,66.000000000000000000000000000000,0.000000000000000000000000000000,2337,1039,997,123,64
965,965_0,COMPLETED,SOBOL,0.299999999999999988897769753748,272.000000000000000000000000000000,0.029999999999999998889776975375,2516,4590,491,209,154
966,966_0,ABANDONED,SOBOL,,,,4356,1301,746,44,229
967,967_0,COMPLETED,SOBOL,0.299999999999999988897769753748,212.000000000000000000000000000000,0.010000000000000000208166817117,788,3074,236,131,51
968,968_0,COMPLETED,SOBOL,0.340000000000000024424906541753,143.000000000000000000000000000000,0.010000000000000000208166817117,414,2151,310,164,19
969,969_0,ABANDONED,SOBOL,,,,4424,3474,804,17,203
970,970_0,ABANDONED,SOBOL,,,,1463,3877,548,94,100
971,971_0,COMPLETED,SOBOL,0.330000000000000015543122344752,181.000000000000000000000000000000,0.040000000000000000832667268469,3126,2715,564,175,90
972,972_0,COMPLETED,SOBOL,0.320000000000000006661338147751,45.000000000000000000000000000000,0.000000000000000000000000000000,4996,676,325,75,46
973,973_0,ABANDONED,SOBOL,,,,169,4949,819,223,238
974,974_0,ABANDONED,SOBOL,,,,1053,276,636,188,208
975,975_0,COMPLETED,SOBOL,0.309999999999999997779553950750,255.000000000000000000000000000000,0.050000000000000002775557561563,3804,4100,127,103,10
976,976_0,COMPLETED,SOBOL,0.320000000000000006661338147751,120.000000000000000000000000000000,0.000000000000000000000000000000,3076,2378,888,143,122
977,977_0,ABANDONED,SOBOL,,,,2074,3252,382,58,158
978,978_0,COMPLETED,SOBOL,0.429999999999999993338661852249,30.000000000000000000000000000000,0.660000000000000031086244689504,2172,65,200,90,29
979,979_0,COMPLETED,SOBOL,0.299999999999999988897769753748,260.000000000000000000000000000000,0.040000000000000000832667268469,2977,4309,690,237,188
980,980_0,ABANDONED,SOBOL,,,,3900,2284,452,13,178
981,981_0,COMPLETED,SOBOL,0.299999999999999988897769753748,213.000000000000000000000000000000,0.010000000000000000208166817117,957,3345,945,160,103
982,982_0,COMPLETED,SOBOL,0.320000000000000006661338147751,96.000000000000000000000000000000,0.000000000000000000000000000000,264,1728,512,127,78
983,983_0,ABANDONED,SOBOL,,,,3225,935,763,206,227
984,984_0,COMPLETED,SOBOL,0.309999999999999997779553950750,264.000000000000000000000000000000,0.020000000000000000416333634234,1608,4690,259,120,58
985,985_0,ABANDONED,SOBOL,,,,1563,1940,873,62,214
986,986_0,COMPLETED,SOBOL,0.309999999999999997779553950750,223.000000000000000000000000000000,0.040000000000000000832667268469,3607,3684,368,147,8
987,987_0,ABANDONED,SOBOL,,,,4520,410,622,107,112
988,988_0,COMPLETED,SOBOL,0.320000000000000006661338147751,64.000000000000000000000000000000,0.000000000000000000000000000000,885,1103,436,227,134
989,989_0,ABANDONED,SOBOL,,,,4260,4527,929,79,84
990,990_0,COMPLETED,SOBOL,0.320000000000000006661338147751,93.000000000000000000000000000000,0.029999999999999998889776975375,2614,1560,185,179,32
991,991_0,ABANDONED,SOBOL,,,,2237,2815,674,31,248
992,992_0,COMPLETED,SOBOL,0.320000000000000006661338147751,75.000000000000000000000000000000,0.000000000000000000000000000000,2466,1370,344,216,97
993,993_0,ABANDONED,SOBOL,,,,2685,3005,834,115,187
994,994_0,COMPLETED,SOBOL,0.299999999999999988897769753748,306.000000000000000000000000000000,0.010000000000000000208166817117,664,4658,583,38,24
995,995_0,ABANDONED,SOBOL,,,,558,571,906,8,48
996,996_0,ABANDONED,SOBOL,,,,4607,3808,397,172,232
997,997_0,ABANDONED,SOBOL,,,,3518,2083,651,87,149
998,998_0,COMPLETED,SOBOL,0.440000000000000002220446049250,196.000000000000000000000000000000,0.190000000000000002220446049250,1314,3542,145,250,69
999,999_0,COMPLETED,SOBOL,0.320000000000000006661338147751,50.000000000000000000000000000000,0.000000000000000000000000000000,1855,745,729,184,163
1000,1000_0,ABANDONED,SOBOL,,,,3314,4880,224,21,118
1001,1001_0,COMPLETED,SOBOL,0.400000000000000022204460492503,109.000000000000000000000000000000,0.349999999999999977795539507497,4814,1597,984,230,13
1002,1002_0,ABANDONED,SOBOL,,,,25,2783,475,67,204
1003,1003_0,COMPLETED,SOBOL,0.400000000000000022204460492503,239.000000000000000000000000000000,0.190000000000000002220446049250,3967,3183,536,198,42
1004,1004_0,ABANDONED,SOBOL,,,,2908,207,297,49,93
1005,1005_0,COMPLETED,SOBOL,0.320000000000000006661338147751,261.000000000000000000000000000000,0.020000000000000000416333634234,1944,4167,787,150,128
1006,1006_0,ABANDONED,SOBOL,,,,2929,2931,554,141,149
1007,1007_0,ABANDONED,SOBOL,,,,3949,1219,308,117,222
1008,1008_0,COMPLETED,SOBOL,0.340000000000000024424906541753,292.000000000000000000000000000000,0.050000000000000002775557561563,1201,4408,798,218,62
1009,1009_0,COMPLETED,SOBOL,0.320000000000000006661338147751,30.000000000000000000000000000000,0.000000000000000000000000000000,1,369,747,248,24
1010,1010_0,ABANDONED,SOBOL,,,,4831,4008,242,84,194
1011,1011_0,ABANDONED,SOBOL,,,,3293,1978,995,170,173
1012,1012_0,ABANDONED,SOBOL,,,,1871,3644,486,6,107
1013,1013_0,ABANDONED,SOBOL,,,,1298,816,886,65,138
1014,1014_0,COMPLETED,SOBOL,0.309999999999999997779553950750,292.000000000000000000000000000000,0.089999999999999996669330926125,3538,4806,376,227,79
1015,1015_0,ABANDONED,SOBOL,,,,4589,1844,638,19,38
1016,1016_0,ABANDONED,SOBOL,,,,640,2244,324,152,218
1017,1017_0,COMPLETED,SOBOL,0.340000000000000024424906541753,239.000000000000000000000000000000,0.040000000000000000832667268469,4211,3383,813,50,3
1018,1018_0,ABANDONED,SOBOL,,,,2482,4269,570,98,167
1019,1019_0,COMPLETED,SOBOL,0.369999999999999995559107901499,30.000000000000000000000000000000,0.510000000000000008881784197001,2261,245,415,158,53
1020,1020_0,ABANDONED,SOBOL,,,,2596,4127,909,11,228
1021,1021_0,COMPLETED,SOBOL,0.320000000000000006661338147751,138.000000000000000000000000000000,0.000000000000000000000000000000,4281,2406,172,235,154
1022,1022_0,COMPLETED,SOBOL,0.299999999999999988897769753748,206.000000000000000000000000000000,0.010000000000000000208166817117,869,3221,662,88,63
1023,1023_0,COMPLETED,SOBOL,0.320000000000000006661338147751,106.000000000000000000000000000000,0.000000000000000000000000000000,333,1713,853,121,101
1024,1024_0,COMPLETED,SOBOL,0.320000000000000006661338147751,195.000000000000000000000000000000,0.000000000000000000000000000000,4499,2665,347,208,183
1025,1025_0,ABANDONED,SOBOL,,,,3626,627,609,43,203
1026,1026_0,COMPLETED,SOBOL,0.309999999999999997779553950750,337.000000000000000000000000000000,0.020000000000000000416333634234,1539,4996,100,129,18
1027,1027_0,ABANDONED,SOBOL,,,,1631,2120,531,194,237
1028,1028_0,COMPLETED,SOBOL,0.330000000000000015543122344752,43.000000000000000000000000000000,0.059999999999999997779553950750,4920,531,774,149,89
1029,1029_0,ABANDONED,SOBOL,,,,249,3846,269,64,133
1030,1030_0,ABANDONED,SOBOL,,,,973,1088,219,29,157
1031,1031_0,COMPLETED,SOBOL,0.309999999999999997779553950750,288.000000000000000000000000000000,0.050000000000000002775557561563,3880,4540,709,177,123
1032,1032_0,COMPLETED,SOBOL,0.320000000000000006661338147751,76.000000000000000000000000000000,0.000000000000000000000000000000,2995,1252,462,77,9
1033,1033_0,COMPLETED,SOBOL,0.320000000000000006661338147751,188.000000000000000000000000000000,0.029999999999999998889776975375,2149,3121,956,225,209
1034,1034_0,COMPLETED,SOBOL,0.320000000000000006661338147751,74.000000000000000000000000000000,0.000000000000000000000000000000,2092,1151,657,132,104
1035,1035_0,COMPLETED,SOBOL,0.320000000000000006661338147751,87.000000000000000000000000000000,0.000000000000000000000000000000,3819,1510,900,211,189
1036,1036_0,COMPLETED,SOBOL,0.309999999999999997779553950750,155.000000000000000000000000000000,0.010000000000000000208166817117,1032,2862,395,125,29
1037,1037_0,COMPLETED,SOBOL,0.320000000000000006661338147751,115.000000000000000000000000000000,0.000000000000000000000000000000,189,1911,95,92,59
1038,1038_0,COMPLETED,SOBOL,0.299999999999999988897769753748,222.000000000000000000000000000000,0.050000000000000002775557561563,4981,3712,585,239,225
1039,1039_0,ABANDONED,SOBOL,,,,3149,438,338,15,144
1040,1040_0,COMPLETED,SOBOL,0.309999999999999997779553950750,241.000000000000000000000000000000,0.020000000000000000416333634234,1688,3939,832,162,78
1041,1041_0,COMPLETED,SOBOL,0.320000000000000006661338147751,110.000000000000000000000000000000,0.000000000000000000000000000000,1482,1776,292,221,171
1042,1042_0,ABANDONED,SOBOL,,,,3682,2601,785,73,113
1043,1043_0,COMPLETED,SOBOL,0.540000000000000035527136788005,109.000000000000000000000000000000,0.560000000000000053290705182008,4440,885,48,173,7
1044,1044_0,ABANDONED,SOBOL,,,,393,4737,538,25,215
1045,1045_0,ABANDONED,SOBOL,,,,809,36,978,59,247
1046,1046_0,COMPLETED,SOBOL,0.330000000000000015543122344752,235.000000000000000000000000000000,0.050000000000000002775557561563,4340,4337,473,144,33
1047,1047_0,COMPLETED,SOBOL,0.320000000000000006661338147751,127.000000000000000000000000000000,0.000000000000000000000000000000,2539,2314,735,105,83
1048,1048_0,COMPLETED,SOBOL,0.320000000000000006661338147751,177.000000000000000000000000000000,0.029999999999999998889776975375,2318,3314,225,190,135
1049,1049_0,ABANDONED,SOBOL,,,,2385,2494,762,2,22
1050,1050_0,ABANDONED,SOBOL,,,,2760,3134,253,165,199
1051,1051_0,ABANDONED,SOBOL,,,,4112,157,515,80,186
1052,1052_0,COMPLETED,SOBOL,0.409999999999999975575093458247,57.000000000000000000000000000000,0.110000000000000000555111512313,482,713,450,214,68
1053,1053_0,ABANDONED,SOBOL,,,,4687,4909,939,113,150
1054,1054_0,ABANDONED,SOBOL,,,,1396,2753,696,36,49
1055,1055_0,COMPLETED,SOBOL,0.390000000000000013322676295502,220.000000000000000000000000000000,0.299999999999999988897769753748,3390,3759,680,203,13
1056,1056_0,ABANDONED,SOBOL,,,,4732,2032,434,54,119
1057,1057_0,ABANDONED,SOBOL,,,,100,3591,924,156,161
1058,1058_0,COMPLETED,SOBOL,0.320000000000000006661338147751,89.000000000000000000000000000000,0.000000000000000000000000000000,1103,1339,624,185,129
1059,1059_0,ABANDONED,SOBOL,,,,4048,3033,118,23,93
1060,1060_0,COMPLETED,SOBOL,0.349999999999999977795539507497,67.000000000000000000000000000000,0.250000000000000000000000000000,2832,999,871,231,43
1061,1061_0,ABANDONED,SOBOL,,,,2024,4628,362,68,241
1062,1062_0,COMPLETED,SOBOL,0.320000000000000006661338147751,32.000000000000000000000000000000,0.000000000000000000000000000000,1988,414,821,201,179
1063,1063_0,ABANDONED,SOBOL,,,,2863,3963,316,99,105
1064,1064_0,COMPLETED,SOBOL,0.320000000000000006661338147751,112.000000000000000000000000000000,0.000000000000000000000000000000,4012,1925,578,155,32
1065,1065_0,ABANDONED,SOBOL,,,,146,1525,384,24,224
1066,1066_0,COMPLETED,SOBOL,0.369999999999999995559107901499,170.000000000000000000000000000000,0.089999999999999996669330926125,4691,2848,878,187,56
1067,1067_0,ABANDONED,SOBOL,,,,3436,1127,141,71,77
1068,1068_0,COMPLETED,SOBOL,0.309999999999999997779553950750,312.000000000000000000000000000000,0.020000000000000000416333634234,1733,4500,630,234,142
1069,1069_0,COMPLETED,SOBOL,0.320000000000000006661338147751,133.000000000000000000000000000000,0.000000000000000000000000000000,1349,2289,250,169,110
1070,1070_0,ABANDONED,SOBOL,,,,3484,3338,740,5,170
1071,1071_0,COMPLETED,SOBOL,0.359999999999999986677323704498,23.000000000000000000000000000000,0.270000000000000017763568394003,4640,50,493,246,212
1072,1072_0,COMPLETED,SOBOL,0.330000000000000015543122344752,253.000000000000000000000000000000,0.010000000000000000208166817117,523,4322,987,82,6
1073,1073_0,COMPLETED,SOBOL,0.309999999999999997779553950750,62.000000000000000000000000000000,0.010000000000000000208166817117,776,900,562,112,34
1074,1074_0,ABANDONED,SOBOL,,,,2796,1752,806,34,136
1075,1075_0,COMPLETED,SOBOL,0.320000000000000006661338147751,159.000000000000000000000000000000,0.000000000000000000000000000000,2353,2626,300,134,86
1076,1076_0,ABANDONED,SOBOL,,,,2282,1571,716,74,196
1077,1077_0,COMPLETED,SOBOL,0.270000000000000017763568394003,168.000000000000000000000000000000,0.059999999999999997779553950750,2571,2807,211,222,22
1078,1078_0,ABANDONED,SOBOL,,,,4304,777,964,28,95
1079,1079_0,ABANDONED,SOBOL,,,,841,4845,454,176,186
1080,1080_0,ABANDONED,SOBOL,,,,4398,4152,523,57,70
1081,1081_0,COMPLETED,SOBOL,0.390000000000000013322676295502,128.000000000000000000000000000000,0.029999999999999998889776975375,3729,2440,277,190,50
1082,1082_0,ABANDONED,SOBOL,,,,1440,3187,767,105,234
1083,1083_0,COMPLETED,SOBOL,0.320000000000000006661338147751,56.000000000000000000000000000000,0.000000000000000000000000000000,1641,946,355,46,15
1084,1084_0,ABANDONED,SOBOL,,,,3191,4682,845,132,206
1085,1085_0,COMPLETED,SOBOL,0.309999999999999997779553950750,187.000000000000000000000000000000,0.000000000000000000000000000000,231,2970,601,209,120
1086,1086_0,COMPLETED,SOBOL,0.320000000000000006661338147751,115.000000000000000000000000000000,0.000000000000000000000000000000,1069,2095,917,242,92
1087,1087_0,ABANDONED,SOBOL,,,,3787,3527,407,95,126
1088,1088_0,ABANDONED,SOBOL,,,,3090,565,669,163,240
1089,1089_0,ABANDONED,SOBOL,,,,2061,3812,164,16,40
1090,1090_0,ABANDONED,SOBOL,,,,2117,1993,481,108,146
1091,1091_0,COMPLETED,SOBOL,0.320000000000000006661338147751,184.000000000000000000000000000000,0.040000000000000000832667268469,3032,3629,970,193,72
1092,1092_0,COMPLETED,SOBOL,0.320000000000000006661338147751,29.000000000000000000000000000000,0.000000000000000000000000000000,3848,345,233,61,59
1093,1093_0,ABANDONED,SOBOL,,,,1010,4032,727,146,221
1094,1094_0,ABANDONED,SOBOL,,,,290,1195,793,180,195
1095,1095_0,COMPLETED,SOBOL,0.309999999999999997779553950750,261.000000000000000000000000000000,0.059999999999999997779553950750,4874,4432,284,32,27
1096,1096_0,COMPLETED,SOBOL,0.320000000000000006661338147751,79.000000000000000000000000000000,0.000000000000000000000000000000,3248,1456,546,226,108
1097,1097_0,ABANDONED,SOBOL,,,,1498,118,593,12,82
1098,1098_0,ABANDONED,SOBOL,,,,4458,2220,840,91,246
1099,1099_0,COMPLETED,SOBOL,0.330000000000000015543122344752,199.000000000000000000000000000000,0.100000000000000005551115123126,379,3407,331,238,38
1100,1100_0,COMPLETED,SOBOL,0.589999999999999968913755310496,187.000000000000000000000000000000,0.750000000000000000000000000000,901,1819,155,204,2
1101,1101_0,ABANDONED,SOBOL,,,,4244,2558,649,118,216
1102,1102_0,ABANDONED,SOBOL,,,,2628,831,403,128,166
1103,1103_0,ABANDONED,SOBOL,,,,2224,4791,892,42,115
1104,1104_0,COMPLETED,SOBOL,0.299999999999999988897769753748,305.000000000000000000000000000000,0.029999999999999998889776975375,2700,4932,616,67,54
1105,1105_0,COMPLETED,SOBOL,0.320000000000000006661338147751,94.000000000000000000000000000000,0.050000000000000002775557561563,4179,1659,370,183,66
1106,1106_0,ABANDONED,SOBOL,,,,677,2718,863,20,155
1107,1107_0,ABANDONED,SOBOL,,,,623,2352,688,49,182
1108,1108_0,COMPLETED,SOBOL,0.349999999999999977795539507497,173.000000000000000000000000000000,0.040000000000000000832667268469,4543,3275,179,151,98
1109,1109_0,COMPLETED,SOBOL,0.469999999999999973354647408996,45.000000000000000000000000000000,0.440000000000000002220446049250,3580,309,931,95,17
1110,1110_0,ABANDONED,SOBOL,,,,1252,4063,426,197,200
1111,1111_0,COMPLETED,SOBOL,0.320000000000000006661338147751,83.000000000000000000000000000000,0.000000000000000000000000000000,1830,1315,947,138,44
1112,1112_0,ABANDONED,SOBOL,,,,3339,3057,442,37,236
1113,1113_0,COMPLETED,SOBOL,0.320000000000000006661338147751,63.000000000000000000000000000000,0.059999999999999997779553950750,4790,1034,704,217,130
1114,1114_0,COMPLETED,SOBOL,0.299999999999999988897769753748,277.000000000000000000000000000000,0.000000000000000000000000000000,48,4593,194,116,88
1115,1115_0,ABANDONED,SOBOL,,,,1233,478,260,85,124
1116,1116_0,COMPLETED,SOBOL,0.299999999999999988897769753748,250.000000000000000000000000000000,0.050000000000000002775557561563,3912,3900,754,249,160
1117,1117_0,COMPLETED,SOBOL,0.419999999999999984456877655248,189.000000000000000000000000000000,0.170000000000000012212453270877,1892,3439,507,172,12
1118,1118_0,ABANDONED,SOBOL,,,,1884,2175,973,78,108
1119,1119_0,COMPLETED,SOBOL,0.320000000000000006661338147751,173.000000000000000000000000000000,0.040000000000000000832667268469,2954,3449,479,226,173
1120,1120_0,ABANDONED,SOBOL,,,,3926,488,725,33,193
1121,1121_0,COMPLETED,SOBOL,0.320000000000000006661338147751,248.000000000000000000000000000000,0.029999999999999998889776975375,1243,3891,236,180,25
1122,1122_0,COMPLETED,SOBOL,0.320000000000000006661338147751,64.000000000000000000000000000000,0.000000000000000000000000000000,57,1026,286,146,63
1123,1123_0,ABANDONED,SOBOL,,,,4796,4604,791,60,222
1124,1124_0,COMPLETED,SOBOL,0.340000000000000024424906541753,200.000000000000000000000000000000,0.020000000000000000416333634234,1818,3049,547,108,73
1125,1125_0,COMPLETED,SOBOL,0.330000000000000015543122344752,219.000000000000000000000000000000,0.040000000000000000832667268469,3594,4074,594,127,117
1126,1126_0,COMPLETED,SOBOL,0.520000000000000017763568394003,178.000000000000000000000000000000,0.650000000000000022204460492503,4536,2363,332,119,3
1127,1127_0,ABANDONED,SOBOL,,,,614,3266,838,204,219
1128,1128_0,ABANDONED,SOBOL,,,,666,1651,647,239,243
1129,1129_0,COMPLETED,SOBOL,0.359999999999999986677323704498,150.000000000000000000000000000000,0.029999999999999998889776975375,4166,2729,158,90,37
1130,1130_0,COMPLETED,SOBOL,0.330000000000000015543122344752,57.000000000000000000000000000000,0.160000000000000003330669073875,2706,701,895,160,79
1131,1131_0,ABANDONED,SOBOL,,,,2459,4924,401,12,139
1132,1132_0,COMPLETED,SOBOL,0.409999999999999975575093458247,57.000000000000000000000000000000,0.349999999999999977795539507497,2215,822,618,196,19
1133,1133_0,ABANDONED,SOBOL,,,,4258,1831,861,151,182
1134,1134_0,ABANDONED,SOBOL,,,,912,2549,371,50,102
1135,1135_0,ABANDONED,SOBOL,,,,388,2211,181,19,64
1136,1136_0,COMPLETED,SOBOL,0.320000000000000006661338147751,224.000000000000000000000000000000,0.040000000000000000832667268469,4464,3418,686,183,154
1137,1137_0,ABANDONED,SOBOL,,,,3659,129,424,67,227
1138,1138_0,COMPLETED,SOBOL,0.380000000000000004440892098501,286.000000000000000000000000000000,0.089999999999999996669330926125,1487,4246,934,231,53
1139,1139_0,ABANDONED,SOBOL,,,,1596,1448,440,172,209
1140,1140_0,COMPLETED,SOBOL,0.320000000000000006661338147751,168.000000000000000000000000000000,0.000000000000000000000000000000,3262,2927,949,9,8
1141,1141_0,COMPLETED,SOBOL,0.320000000000000006661338147751,69.000000000000000000000000000000,0.000000000000000000000000000000,4868,1206,197,249,123
1142,1142_0,ABANDONED,SOBOL,,,,282,4424,702,86,157
1143,1143_0,ABANDONED,SOBOL,,,,998,336,752,116,133
1144,1144_0,COMPLETED,SOBOL,0.330000000000000015543122344752,258.000000000000000000000000000000,0.050000000000000002775557561563,3834,4043,262,217,89
1145,1145_0,ABANDONED,SOBOL,,,,3038,2004,508,37,47
1146,1146_0,COMPLETED,SOBOL,0.340000000000000024424906541753,42.000000000000000000000000000000,0.510000000000000008881784197001,2067,556,314,235,77
1147,1147_0,ABANDONED,SOBOL,,,,3098,3824,823,71,145
1148,1148_0,ABANDONED,SOBOL,,,,1056,3518,576,23,59
1149,1149_0,COMPLETED,SOBOL,0.320000000000000006661338147751,81.000000000000000000000000000000,0.000000000000000000000000000000,225,1393,876,54,28
1150,1150_0,ABANDONED,SOBOL,,,,4926,2981,386,154,190
1151,1151_0,ABANDONED,SOBOL,,,,3201,957,633,99,177
1152,1152_0,COMPLETED,SOBOL,0.309999999999999997779553950750,307.000000000000000000000000000000,0.020000000000000000416333634234,1655,4673,139,200,103
1153,1153_0,ABANDONED,SOBOL,,,,1427,2431,742,134,135
1154,1154_0,ABANDONED,SOBOL,,,,3718,3199,248,33,83
1155,1155_0,COMPLETED,SOBOL,0.550000000000000044408920985006,75.000000000000000000000000000000,0.880000000000000004440892098501,4407,232,985,213,33
1156,1156_0,ABANDONED,SOBOL,,,,445,4143,496,112,247
1157,1157_0,COMPLETED,SOBOL,0.540000000000000035527136788005,315.000000000000000000000000000000,0.500000000000000000000000000000,4315,4856,560,245,7
1158,1158_0,ABANDONED,SOBOL,,,,2563,1581,298,5,113
1159,1159_0,ABANDONED,SOBOL,,,,2275,2798,808,168,170
1160,1160_0,COMPLETED,SOBOL,0.320000000000000006661338147751,94.000000000000000000000000000000,0.000000000000000000000000000000,2359,1743,209,104,49
1161,1161_0,ABANDONED,SOBOL,,,,2805,2636,719,190,232
1162,1162_0,ABANDONED,SOBOL,,,,4070,911,456,56,151
1163,1163_0,COMPLETED,SOBOL,0.299999999999999988897769753748,298.000000000000000000000000000000,0.010000000000000000208166817117,763,4714,962,142,67
1164,1164_0,COMPLETED,SOBOL,0.409999999999999975575093458247,26.000000000000000000000000000000,0.110000000000000000555111512313,517,42,521,176,97
1165,1165_0,COMPLETED,SOBOL,0.320000000000000006661338147751,121.000000000000000000000000000000,0.000000000000000000000000000000,3495,2300,768,221,200
1166,1166_0,COMPLETED,SOBOL,0.299999999999999988897769753748,221.000000000000000000000000000000,0.020000000000000000416333634234,1363,3330,275,74,22
1167,1167_0,ABANDONED,SOBOL,,,,1720,1118,846,15,241
1168,1168_0,COMPLETED,SOBOL,0.299999999999999988897769753748,299.000000000000000000000000000000,0.040000000000000000832667268469,3425,4511,353,164,43
1169,1169_0,COMPLETED,SOBOL,0.320000000000000006661338147751,103.000000000000000000000000000000,0.000000000000000000000000000000,4699,1536,599,94,93
1170,1170_0,COMPLETED,SOBOL,0.320000000000000006661338147751,101.000000000000000000000000000000,0.000000000000000000000000000000,1148,1917,410,208,161
1171,1171_0,COMPLETED,SOBOL,0.330000000000000015543122344752,237.000000000000000000000000000000,0.050000000000000002775557561563,4022,3708,915,123,120
1172,1172_0,COMPLETED,SOBOL,0.400000000000000022204460492503,47.000000000000000000000000000000,0.419999999999999984456877655248,2855,425,162,131,13
1173,1173_0,ABANDONED,SOBOL,,,,1982,3955,672,46,205
1174,1174_0,COMPLETED,SOBOL,0.320000000000000006661338147751,61.000000000000000000000000000000,0.000000000000000000000000000000,2014,1011,150,163,142
1175,1175_0,ABANDONED,SOBOL,,,,2818,4619,655,14,76
1176,1176_0,COMPLETED,SOBOL,0.349999999999999977795539507497,86.000000000000000000000000000000,0.170000000000000012212453270877,4054,1330,393,240,55
1177,1177_0,ABANDONED,SOBOL,,,,1111,3045,902,91,225
1178,1178_0,ABANDONED,SOBOL,,,,111,2043,586,126,191
1179,1179_0,COMPLETED,SOBOL,0.450000000000000011102230246252,203.000000000000000000000000000000,0.500000000000000000000000000000,4745,3582,93,211,31
1180,1180_0,ABANDONED,SOBOL,,,,3384,610,830,47,104
1181,1181_0,ABANDONED,SOBOL,,,,1767,3770,340,132,180
1182,1182_0,COMPLETED,SOBOL,0.330000000000000015543122344752,96.000000000000000000000000000000,0.020000000000000000416333634234,1404,1635,783,191,86
1183,1183_0,ABANDONED,SOBOL,,,,3449,2745,293,105,136
1184,1184_0,ABANDONED,SOBOL,,,,4674,705,540,145,250
1185,1185_0,COMPLETED,SOBOL,0.299999999999999988897769753748,264.000000000000000000000000000000,0.010000000000000000208166817117,471,4920,46,59,34
1186,1186_0,COMPLETED,SOBOL,0.450000000000000011102230246252,33.000000000000000000000000000000,0.149999999999999994448884876874,731,168,471,26,6
1187,1187_0,ABANDONED,SOBOL,,,,4107,4207,980,173,212
1188,1188_0,ABANDONED,SOBOL,,,,2773,2485,228,73,170
1189,1189_0,COMPLETED,SOBOL,0.309999999999999997779553950750,200.000000000000000000000000000000,0.029999999999999998889776975375,2396,3144,733,221,110
1190,1190_0,ABANDONED,SOBOL,,,,2308,2324,254,36,235
1191,1191_0,COMPLETED,SOBOL,0.309999999999999997779553950750,183.000000000000000000000000000000,0.029999999999999998889776975375,2526,3305,760,137,49
1192,1192_0,COMPLETED,SOBOL,0.299999999999999988897769753748,229.000000000000000000000000000000,0.010000000000000000208166817117,817,4347,516,214,152
1193,1193_0,COMPLETED,SOBOL,0.320000000000000006661338147751,57.000000000000000000000000000000,0.000000000000000000000000000000,404,896,941,244,186
1194,1194_0,ABANDONED,SOBOL,,,,4453,4729,447,81,94
1195,1195_0,COMPLETED,SOBOL,0.330000000000000015543122344752,112.000000000000000000000000000000,0.089999999999999996669330926125,3677,1768,694,165,21
1196,1196_0,ABANDONED,SOBOL,,,,1473,2612,204,2,197
1197,1197_0,COMPLETED,SOBOL,0.320000000000000006661338147751,33.000000000000000000000000000000,0.000000000000000000000000000000,1696,449,678,68,40
1198,1198_0,ABANDONED,SOBOL,,,,4967,1902,926,22,126
1199,1199_0,COMPLETED,SOBOL,0.320000000000000006661338147751,185.000000000000000000000000000000,0.000000000000000000000000000000,179,3723,432,186,92
1200,1200_0,ABANDONED,SOBOL,,,,3813,2854,626,55,164
1201,1201_0,ABANDONED,SOBOL,,,,3066,1143,364,203,206
1202,1202_0,COMPLETED,SOBOL,0.309999999999999997779553950750,251.000000000000000000000000000000,0.029999999999999998889776975375,2103,4487,869,103,16
1203,1203_0,ABANDONED,SOBOL,,,,2163,1262,553,6,176
1204,1204_0,COMPLETED,SOBOL,0.320000000000000006661338147751,66.000000000000000000000000000000,0.000000000000000000000000000000,3871,1079,800,85,27
1205,1205_0,COMPLETED,SOBOL,0.299999999999999988897769753748,266.000000000000000000000000000000,0.010000000000000000208166817117,967,4550,306,248,194
1206,1206_0,ABANDONED,SOBOL,,,,235,542,240,218,221
1207,1207_0,COMPLETED,SOBOL,0.320000000000000006661338147751,247.000000000000000000000000000000,0.050000000000000002775557561563,4909,3838,750,116,60
1208,1208_0,COMPLETED,SOBOL,0.320000000000000006661338147751,120.000000000000000000000000000000,0.000000000000000000000000000000,3215,2112,488,141,72
1209,1209_0,ABANDONED,SOBOL,,,,1637,3513,993,40,145
1210,1210_0,ABANDONED,SOBOL,,,,1533,637,378,98,114
1211,1211_0,COMPLETED,SOBOL,0.309999999999999997779553950750,275.000000000000000000000000000000,0.050000000000000002775557561563,3617,4987,884,199,166
1212,1212_0,COMPLETED,SOBOL,0.500000000000000000000000000000,170.000000000000000000000000000000,0.330000000000000015543122344752,346,2675,640,151,2
1213,1213_0,COMPLETED,SOBOL,0.280000000000000026645352591004,159.000000000000000000000000000000,0.010000000000000000208166817117,876,2417,815,182,38
1214,1214_0,ABANDONED,SOBOL,,,,4290,3212,322,18,246
1215,1215_0,COMPLETED,SOBOL,0.369999999999999995559107901499,31.000000000000000000000000000000,0.289999999999999980015985556747,2585,237,568,228,140
1216,1216_0,ABANDONED,SOBOL,,,,2495,115,907,128,200
1217,1217_0,COMPLETED,SOBOL,0.330000000000000015543122344752,238.000000000000000000000000000000,0.029999999999999998889776975375,2675,4260,417,43,18
1218,1218_0,COMPLETED,SOBOL,0.320000000000000006661338147751,131.000000000000000000000000000000,0.000000000000000000000000000000,4202,2236,664,207,99
1219,1219_0,ABANDONED,SOBOL,,,,568,1855,345,87,155
1220,1220_0,COMPLETED,SOBOL,0.400000000000000022204460492503,157.000000000000000000000000000000,0.070000000000000006661338147751,4578,2524,854,236,67
1221,1221_0,ABANDONED,SOBOL,,,,3547,807,102,10,54
1222,1222_0,ABANDONED,SOBOL,,,,1305,4817,607,159,230
1223,1223_0,COMPLETED,SOBOL,0.359999999999999986677323704498,120.000000000000000000000000000000,0.050000000000000002775557561563,1865,1989,24,224,11
1224,1224_0,ABANDONED,SOBOL,,,,3284,3636,529,77,210
1225,1225_0,COMPLETED,SOBOL,0.320000000000000006661338147751,30.000000000000000000000000000000,0.000000000000000000000000000000,4843,361,267,177,161
1226,1226_0,ABANDONED,SOBOL,,,,15,4019,776,29,124
1227,1227_0,ABANDONED,SOBOL,,,,1207,1230,711,63,87
1228,1228_0,COMPLETED,SOBOL,0.330000000000000015543122344752,273.000000000000000000000000000000,0.050000000000000002775557561563,3957,4400,217,149,130
1229,1229_0,ABANDONED,SOBOL,,,,2918,1433,954,109,237
1230,1230_0,COMPLETED,SOBOL,0.380000000000000004440892098501,199.000000000000000000000000000000,0.050000000000000002775557561563,1915,2942,464,195,44
1231,1231_0,ABANDONED,SOBOL,,,,1939,197,692,120,224
1232,1232_0,COMPLETED,SOBOL,0.289999999999999980015985556747,223.000000000000000000000000000000,0.070000000000000006661338147751,2899,4176,198,205,56
1233,1233_0,ABANDONED,SOBOL,,,,3978,2455,943,41,75
1234,1234_0,ABANDONED,SOBOL,,,,1191,3172,453,126,143
1235,1235_0,ABANDONED,SOBOL,,,,4822,2791,510,12,105
1236,1236_0,COMPLETED,SOBOL,0.489999999999999991118215802999,92.000000000000000000000000000000,0.609999999999999986677323704498,3303,753,256,238,30
1237,1237_0,ABANDONED,SOBOL,,,,1842,4869,766,89,192
1238,1238_0,ABANDONED,SOBOL,,,,1327,2072,366,31,36
1239,1239_0,ABANDONED,SOBOL,,,,3529,3551,875,179,249
1240,1240_0,COMPLETED,SOBOL,0.320000000000000006661338147751,232.000000000000000000000000000000,0.010000000000000000208166817117,552,3797,620,226,85
1241,1241_0,COMPLETED,SOBOL,0.309999999999999997779553950750,61.000000000000000000000000000000,0.010000000000000000208166817117,650,961,928,193,112
1242,1242_0,ABANDONED,SOBOL,,,,4182,4666,438,107,169
1243,1243_0,ABANDONED,SOBOL,,,,2693,1378,676,147,212
1244,1244_0,COMPLETED,SOBOL,0.309999999999999997779553950750,164.000000000000000000000000000000,0.029999999999999998889776975375,2472,2994,183,61,5
1245,1245_0,COMPLETED,SOBOL,0.320000000000000006661338147751,88.000000000000000000000000000000,0.000000000000000000000000000000,2231,1548,836,250,152
1246,1246_0,COMPLETED,SOBOL,0.299999999999999988897769753748,169.000000000000000000000000000000,0.029999999999999998889776975375,2606,2824,342,87,69
1247,1247_0,COMPLETED,SOBOL,0.340000000000000024424906541753,78.000000000000000000000000000000,0.059999999999999997779553950750,4271,1112,581,171,51
1248,1248_0,ABANDONED,SOBOL,,,,323,399,399,38,197
1249,1249_0,COMPLETED,SOBOL,0.309999999999999997779553950750,247.000000000000000000000000000000,0.050000000000000002775557561563,4528,3979,904,139,20
1250,1250_0,COMPLETED,SOBOL,0.320000000000000006661338147751,127.000000000000000000000000000000,0.000000000000000000000000000000,3597,1949,144,114,96
1251,1251_0,COMPLETED,SOBOL,0.309999999999999997779553950750,204.000000000000000000000000000000,0.020000000000000000416333634234,1549,3673,653,216,185
1252,1252_0,COMPLETED,SOBOL,0.320000000000000006661338147751,58.000000000000000000000000000000,0.000000000000000000000000000000,1621,924,222,150,91
1253,1253_0,ABANDONED,SOBOL,,,,3236,4699,731,49,127
1254,1254_0,ABANDONED,SOBOL,,,,4891,1736,477,197,239
1255,1255_0,COMPLETED,SOBOL,0.299999999999999988897769753748,156.000000000000000000000000000000,0.000000000000000000000000000000,259,2640,982,97,41
1256,1256_0,COMPLETED,SOBOL,0.320000000000000006661338147751,138.000000000000000000000000000000,0.000000000000000000000000000000,944,2274,534,66,15
1257,1257_0,ABANDONED,SOBOL,,,,2985,74,789,20,163
1258,1258_0,COMPLETED,SOBOL,0.320000000000000006661338147751,243.000000000000000000000000000000,0.029999999999999998889776975375,2179,4298,295,184,121
1259,1259_0,COMPLETED,SOBOL,0.299999999999999988897769753748,202.000000000000000000000000000000,0.040000000000000000832667268469,3083,3261,605,111,27
1260,1260_0,COMPLETED,SOBOL,0.320000000000000006661338147751,26.000000000000000000000000000000,0.000000000000000000000000000000,3790,284,351,136,110
1261,1261_0,ABANDONED,SOBOL,,,,1042,4088,856,34,174
1262,1262_0,ABANDONED,SOBOL,,,,160,665,658,4,146
1263,1263_0,COMPLETED,SOBOL,0.299999999999999988897769753748,266.000000000000000000000000000000,0.059999999999999997779553950750,4990,4958,168,167,72
1264,1264_0,COMPLETED,SOBOL,0.320000000000000006661338147751,94.000000000000000000000000000000,0.000000000000000000000000000000,3139,1673,913,83,61
1265,1265_0,COMPLETED,SOBOL,0.320000000000000006661338147751,155.000000000000000000000000000000,0.000000000000000000000000000000,1717,2704,419,246,219
1266,1266_0,COMPLETED,SOBOL,0.609999999999999986677323704498,410.000000000000000000000000000000,0.959999999999999964472863211995,1452,491,960,188,1
1267,1267_0,ABANDONED,SOBOL,,,,3692,3885,466,24,217
1268,1268_0,COMPLETED,SOBOL,0.320000000000000006661338147751,130.000000000000000000000000000000,0.000000000000000000000000000000,4430,2159,705,234,165
1269,1269_0,ABANDONED,SOBOL,,,,423,3463,215,70,115
1270,1270_0,COMPLETED,SOBOL,0.320000000000000006661338147751,76.000000000000000000000000000000,0.000000000000000000000000000000,799,1290,273,101,81
1271,1271_0,COMPLETED,SOBOL,0.369999999999999995559107901499,181.000000000000000000000000000000,0.040000000000000000832667268469,4370,3082,778,201,141
1272,1272_0,COMPLETED,SOBOL,0.309999999999999997779553950750,266.000000000000000000000000000000,0.029999999999999998889776975375,2328,4579,527,154,39
1273,1273_0,ABANDONED,SOBOL,,,,2414,1181,490,93,181
1274,1274_0,COMPLETED,SOBOL,0.320000000000000006661338147751,244.000000000000000000000000000000,0.040000000000000000832667268469,2750,4447,999,242,100
1275,1275_0,ABANDONED,SOBOL,,,,4122,1481,238,17,17
1276,1276_0,ABANDONED,SOBOL,,,,711,2892,744,165,201
1277,1277_0,ABANDONED,SOBOL,,,,491,2018,802,130,229
1278,1278_0,ABANDONED,SOBOL,,,,4658,3604,312,45,55
1279,1279_0,COMPLETED,SOBOL,0.489999999999999991118215802999,54.000000000000000000000000000000,0.680000000000000048849813083507,3472,331,551,209,66
1280,1280_0,ABANDONED,SOBOL,,,,1785,1806,566,57,125
1281,1281_0,ABANDONED,SOBOL,,,,4762,856,817,103,211
1282,1282_0,COMPLETED,SOBOL,0.289999999999999980015985556747,259.000000000000000000000000000000,0.000000000000000000000000000000,90,4767,328,189,11
1283,1283_0,COMPLETED,SOBOL,0.530000000000000026645352591004,57.000000000000000000000000000000,0.429999999999999993338661852249,1132,143,129,223,45
1284,1284_0,ABANDONED,SOBOL,,,,4038,4229,635,75,235
1285,1285_0,COMPLETED,SOBOL,0.320000000000000006661338147751,131.000000000000000000000000000000,0.000000000000000000000000000000,2841,2206,380,175,131
1286,1286_0,ABANDONED,SOBOL,,,,1995,3421,890,28,87
1287,1287_0,COMPLETED,SOBOL,0.320000000000000006661338147751,102.000000000000000000000000000000,0.020000000000000000416333634234,1959,1698,430,144,26
1288,1288_0,ABANDONED,SOBOL,,,,2873,2679,935,58,192
1289,1289_0,COMPLETED,SOBOL,0.320000000000000006661338147751,46.000000000000000000000000000000,0.000000000000000000000000000000,4002,650,175,192,174
1290,1290_0,ABANDONED,SOBOL,,,,1163,4972,684,106,106
1291,1291_0,ABANDONED,SOBOL,,,,137,270,867,72,75
1292,1292_0,COMPLETED,SOBOL,0.309999999999999997779553950750,213.000000000000000000000000000000,0.050000000000000002775557561563,4720,4103,373,219,147
1293,1293_0,ABANDONED,SOBOL,,,,3407,2391,612,26,222
1294,1294_0,COMPLETED,SOBOL,0.309999999999999997779553950750,181.000000000000000000000000000000,0.020000000000000000416333634234,1743,3237,122,174,62
1295,1295_0,COMPLETED,SOBOL,0.320000000000000006661338147751,65.000000000000000000000000000000,0.000000000000000000000000000000,1339,1072,502,240,218
1296,1296_0,COMPLETED,SOBOL,0.369999999999999995559107901499,257.000000000000000000000000000000,0.190000000000000002220446049250,3514,4554,13,92,4
1297,1297_0,COMPLETED,SOBOL,0.320000000000000006661338147751,74.000000000000000000000000000000,0.000000000000000000000000000000,4611,1275,758,162,116
1298,1298_0,ABANDONED,SOBOL,,,,533,3097,264,13,168
1299,1299_0,ABANDONED,SOBOL,,,,747,2144,191,48,138
1300,1300_0,COMPLETED,SOBOL,0.330000000000000015543122344752,229.000000000000000000000000000000,0.040000000000000000832667268469,4091,3478,700,133,80
1301,1301_0,COMPLETED,SOBOL,0.330000000000000015543122344752,46.000000000000000000000000000000,0.270000000000000017763568394003,2786,516,445,125,36
1302,1302_0,ABANDONED,SOBOL,,,,2383,3861,951,210,245
1303,1303_0,COMPLETED,SOBOL,0.309999999999999997779553950750,251.000000000000000000000000000000,0.029999999999999998889776975375,2541,3993,542,185,184
1304,1304_0,ABANDONED,SOBOL,,,,4333,1955,287,69,202
1305,1305_0,COMPLETED,SOBOL,0.390000000000000013322676295502,263.000000000000000000000000000000,0.179999999999999993338661852249,831,3668,797,233,20
1306,1306_0,COMPLETED,SOBOL,0.320000000000000006661338147751,81.000000000000000000000000000000,0.000000000000000000000000000000,469,1417,723,202,52
1307,1307_0,ABANDONED,SOBOL,,,,4389,2955,230,101,228
1308,1308_0,COMPLETED,SOBOL,0.320000000000000006661338147751,70.000000000000000000000000000000,0.000000000000000000000000000000,3739,1234,974,156,153
1309,1309_0,ABANDONED,SOBOL,,,,1411,4393,485,55,65
1310,1310_0,ABANDONED,SOBOL,,,,1671,2260,897,113,158
1311,1311_0,COMPLETED,SOBOL,0.299999999999999988897769753748,181.000000000000000000000000000000,0.040000000000000000832667268469,3181,3368,406,215,122
1312,1312_0,COMPLETED,SOBOL,0.569999999999999951150186916493,102.000000000000000000000000000000,0.869999999999999995559107901499,4944,80,645,35,10
1313,1313_0,ABANDONED,SOBOL,,,,1078,792,334,166,238
1314,1314_0,ABANDONED,SOBOL,,,,3758,4830,844,3,46
1315,1315_0,ABANDONED,SOBOL,,,,2051,2518,588,80,132
1316,1316_0,ABANDONED,SOBOL,,,,2147,739,770,52,57
1317,1317_0,ABANDONED,SOBOL,,,,3022,4884,281,153,227
1318,1318_0,ABANDONED,SOBOL,,,,3858,1611,519,98,144
1319,1319_0,COMPLETED,SOBOL,0.320000000000000006661338147751,132.000000000000000000000000000000,0.000000000000000000000000000000,300,2479,458,229,102
1320,1320_0,ABANDONED,SOBOL,,,,4845,3148,967,65,178
1321,1321_0,ABANDONED,SOBOL,,,,3278,182,207,181,189
1322,1322_0,ABANDONED,SOBOL,,,,1575,4190,713,17,29
1323,1323_0,COMPLETED,SOBOL,0.429999999999999993338661852249,205.000000000000000000000000000000,0.260000000000000008881784197001,3643,3009,666,247,33
1324,1324_0,ABANDONED,SOBOL,,,,4487,985,412,7,84
1325,1325_0,COMPLETED,SOBOL,0.299999999999999988897769753748,243.000000000000000000000000000000,0.000000000000000000000000000000,369,4642,921,170,133
1326,1326_0,ABANDONED,SOBOL,,,,930,604,597,140,172
1327,1327_0,COMPLETED,SOBOL,0.369999999999999995559107901499,127.000000000000000000000000000000,0.309999999999999997779553950750,2638,2057,848,219,8
1328,1328_0,ABANDONED,SOBOL,,,,2194,3565,359,118,214
1329,1329_0,COMPLETED,SOBOL,0.320000000000000006661338147751,119.000000000000000000000000000000,0.000000000000000000000000000000,2440,1885,627,178,68
1330,1330_0,ABANDONED,SOBOL,,,,4150,452,882,224,233
1331,1331_0,COMPLETED,SOBOL,0.309999999999999997779553950750,223.000000000000000000000000000000,0.010000000000000000208166817117,687,3925,388,76,48
1332,1332_0,COMPLETED,SOBOL,0.320000000000000006661338147751,68.000000000000000000000000000000,0.000000000000000000000000000000,593,1166,65,110,23
1333,1333_0,ABANDONED,SOBOL,,,,4552,4462,574,196,198
1334,1334_0,ABANDONED,SOBOL,,,,3570,1485,320,62,188
1335,1335_0,COMPLETED,SOBOL,0.330000000000000015543122344752,182.000000000000000000000000000000,0.020000000000000000416333634234,1281,2887,825,148,96
1336,1336_0,COMPLETED,SOBOL,0.460000000000000019984014443253,31.000000000000000000000000000000,0.230000000000000009992007221626,1800,10,304,206,128
1337,1337_0,COMPLETED,SOBOL,0.309999999999999997779553950750,260.000000000000000000000000000000,0.040000000000000000832667268469,3349,4362,809,121,94
1338,1338_0,COMPLETED,SOBOL,0.320000000000000006661338147751,144.000000000000000000000000000000,0.000000000000000000000000000000,4781,2327,49,129,42
1339,1339_0,ABANDONED,SOBOL,,,,77,3299,558,44,242
1340,1340_0,ABANDONED,SOBOL,,,,1223,1790,991,10,204
1341,1341_0,COMPLETED,SOBOL,0.359999999999999986677323704498,157.000000000000000000000000000000,0.029999999999999998889776975375,3941,2587,497,158,14
1342,1342_0,ABANDONED,SOBOL,,,,2931,860,736,88,118
1343,1343_0,COMPLETED,SOBOL,0.299999999999999988897769753748,282.000000000000000000000000000000,0.020000000000000000416333634234,1902,4762,246,237,162
1344,1344_0,COMPLETED,SOBOL,0.320000000000000006661338147751,105.000000000000000000000000000000,0.000000000000000000000000000000,1897,1783,681,211,139
1345,1345_0,COMPLETED,SOBOL,0.320000000000000006661338147751,156.000000000000000000000000000000,0.000000000000000000000000000000,2936,2589,176,126,82
1346,1346_0,COMPLETED,SOBOL,0.340000000000000024424906541753,60.000000000000000000000000000000,0.050000000000000002775557561563,3936,877,936,132,38
1347,1347_0,ABANDONED,SOBOL,,,,1228,4750,427,47,246
1348,1348_0,COMPLETED,SOBOL,0.599999999999999977795539507497,511.000000000000000000000000000000,0.989999999999999991118215802999,4785,4369,613,163,2
1349,1349_0,ABANDONED,SOBOL,,,,3344,2340,375,91,115
1350,1350_0,COMPLETED,SOBOL,0.320000000000000006661338147751,185.000000000000000000000000000000,0.020000000000000000416333634234,1805,3283,864,239,166
1351,1351_0,COMPLETED,SOBOL,0.320000000000000006661338147751,65.000000000000000000000000000000,0.000000000000000000000000000000,1286,1158,265,173,72
1352,1352_0,ABANDONED,SOBOL,,,,3565,4464,755,25,146
1353,1353_0,COMPLETED,SOBOL,0.299999999999999988897769753748,157.000000000000000000000000000000,0.010000000000000000208166817117,589,2875,504,73,60
1354,1354_0,COMPLETED,SOBOL,0.320000000000000006661338147751,103.000000000000000000000000000000,0.000000000000000000000000000000,692,1883,952,105,27
1355,1355_0,ABANDONED,SOBOL,,,,4145,3744,443,191,194
1356,1356_0,ABANDONED,SOBOL,,,,2735,465,697,59,176
1357,1357_0,COMPLETED,SOBOL,0.320000000000000006661338147751,233.000000000000000000000000000000,0.029999999999999998889776975375,2435,3908,191,145,108
1358,1358_0,ABANDONED,SOBOL,,,,2190,588,794,81,236
1359,1359_0,COMPLETED,SOBOL,0.330000000000000015543122344752,212.000000000000000000000000000000,0.239999999999999991118215802999,2643,3785,289,244,44
1360,1360_0,ABANDONED,SOBOL,,,,4230,2065,543,2,88
1361,1361_0,ABANDONED,SOBOL,,,,364,1351,482,137,160
1362,1362_0,ABANDONED,SOBOL,,,,4492,3026,975,36,124
1363,1363_0,COMPLETED,SOBOL,0.409999999999999975575093458247,77.000000000000000000000000000000,0.340000000000000024424906541753,3638,988,230,214,12
1364,1364_0,ABANDONED,SOBOL,,,,1513,4635,720,112,210
1365,1365_0,COMPLETED,SOBOL,0.320000000000000006661338147751,143.000000000000000000000000000000,0.000000000000000000000000000000,1580,2462,152,55,53
1366,1366_0,ABANDONED,SOBOL,,,,3273,3160,642,155,231
1367,1367_0,ABANDONED,SOBOL,,,,4850,190,404,102,156
1368,1368_0,COMPLETED,SOBOL,0.299999999999999988897769753748,242.000000000000000000000000000000,0.010000000000000000208166817117,295,4188,897,203,66
1369,1369_0,COMPLETED,SOBOL,0.390000000000000013322676295502,61.000000000000000000000000000000,0.119999999999999995559107901499,986,726,590,232,98
1370,1370_0,ABANDONED,SOBOL,,,,3027,1613,841,186,201
1371,1371_0,COMPLETED,SOBOL,0.320000000000000006661338147751,147.000000000000000000000000000000,0.000000000000000000000000000000,2142,2759,335,22,18
1372,1372_0,COMPLETED,SOBOL,0.299999999999999988897769753748,256.000000000000000000000000000000,0.040000000000000000832667268469,3124,4837,518,218,110
1373,1373_0,COMPLETED,SOBOL,0.320000000000000006661338147751,103.000000000000000000000000000000,0.000000000000000000000000000000,3753,1872,280,40,6
1374,1374_0,ABANDONED,SOBOL,,,,1083,2501,774,141,212
1375,1375_0,ABANDONED,SOBOL,,,,197,2252,715,169,250
1376,1376_0,ABANDONED,SOBOL,,,,4949,3370,206,6,34
1377,1377_0,COMPLETED,SOBOL,0.510000000000000008881784197001,46.000000000000000000000000000000,0.810000000000000053290705182008,3176,96,967,248,86
1378,1378_0,ABANDONED,SOBOL,,,,1676,4281,461,85,136
1379,1379_0,ABANDONED,SOBOL,,,,1415,1415,920,18,105
1380,1380_0,COMPLETED,SOBOL,0.320000000000000006661338147751,170.000000000000000000000000000000,0.000000000000000000000000000000,3734,2962,414,182,180
1381,1381_0,ABANDONED,SOBOL,,,,4393,1247,668,64,190
1382,1382_0,COMPLETED,SOBOL,0.409999999999999975575093458247,242.000000000000000000000000000000,0.059999999999999997779553950750,464,4376,160,228,31
1383,1383_0,COMPLETED,SOBOL,0.460000000000000019984014443253,50.000000000000000000000000000000,0.230000000000000009992007221626,836,377,358,199,56
1384,1384_0,ABANDONED,SOBOL,,,,4328,3995,852,99,224
1385,1385_0,ABANDONED,SOBOL,,,,2287,3655,596,51,76
1386,1386_0,COMPLETED,SOBOL,0.320000000000000006661338147751,114.000000000000000000000000000000,0.000000000000000000000000000000,2378,2132,391,236,206
1387,1387_0,COMPLETED,SOBOL,0.309999999999999997779553950750,183.000000000000000000000000000000,0.029999999999999998889776975375,2791,3495,881,87,15
1388,1388_0,COMPLETED,SOBOL,0.320000000000000006661338147751,37.000000000000000000000000000000,0.000000000000000000000000000000,4086,518,136,159,120
1389,1389_0,ABANDONED,SOBOL,,,,752,3854,629,11,164
1390,1390_0,ABANDONED,SOBOL,,,,528,1056,828,43,126
1391,1391_0,COMPLETED,SOBOL,0.320000000000000006661338147751,252.000000000000000000000000000000,0.059999999999999997779553950750,4616,4567,319,128,92
1392,1392_0,COMPLETED,SOBOL,0.320000000000000006661338147751,74.000000000000000000000000000000,0.000000000000000000000000000000,3509,1283,573,122,40
1393,1393_0,COMPLETED,SOBOL,0.530000000000000026645352591004,63.000000000000000000000000000000,0.429999999999999993338661852249,1748,257,557,149,22
1394,1394_0,COMPLETED,SOBOL,0.320000000000000006661338147751,137.000000000000000000000000000000,0.000000000000000000000000000000,4725,2393,813,195,185
1395,1395_0,COMPLETED,SOBOL,0.320000000000000006661338147751,176.000000000000000000000000000000,0.000000000000000000000000000000,132,3229,303,109,95
1396,1396_0,COMPLETED,SOBOL,0.320000000000000006661338147751,93.000000000000000000000000000000,0.000000000000000000000000000000,1168,1681,245,77,71
1397,1397_0,COMPLETED,SOBOL,0.320000000000000006661338147751,158.000000000000000000000000000000,0.000000000000000000000000000000,3997,2692,739,225,151
1398,1398_0,ABANDONED,SOBOL,,,,2878,658,500,29,234
1399,1399_0,COMPLETED,SOBOL,0.340000000000000024424906541753,273.000000000000000000000000000000,0.029999999999999998889776975375,1954,4970,990,177,50
1400,1400_0,ABANDONED,SOBOL,,,,2000,150,451,60,113
1401,1401_0,ABANDONED,SOBOL,,,,2837,4227,944,146,171
1402,1402_0,COMPLETED,SOBOL,0.440000000000000002220446049250,214.000000000000000000000000000000,0.190000000000000002220446049250,1127,3434,689,194,7
1403,1403_0,COMPLETED,SOBOL,0.309999999999999997779553950750,104.000000000000000000000000000000,0.000000000000000000000000000000,95,1808,763,225,33
1404,1404_0,ABANDONED,SOBOL,,,,4757,2564,258,78,247
1405,1405_0,COMPLETED,SOBOL,0.320000000000000006661338147751,53.000000000000000000000000000000,0.000000000000000000000000000000,3365,844,512,180,135
1406,1406_0,ABANDONED,SOBOL,,,,1381,2026,621,90,177
1407,1407_0,COMPLETED,SOBOL,0.330000000000000015543122344752,192.000000000000000000000000000000,0.089999999999999996669330926125,3477,3602,111,239,104
1408,1408_0,ABANDONED,SOBOL,,,,4653,314,872,11,28
1409,1409_0,ABANDONED,SOBOL,,,,496,4059,367,160,189
1410,1410_0,ABANDONED,SOBOL,,,,4127,4439,673,42,59
1411,1411_0,COMPLETED,SOBOL,0.320000000000000006661338147751,82.000000000000000000000000000000,0.000000000000000000000000000000,2745,1468,435,204,77
1412,1412_0,ABANDONED,SOBOL,,,,2419,2909,928,119,144
1413,1413_0,COMPLETED,SOBOL,0.330000000000000015543122344752,76.000000000000000000000000000000,0.070000000000000006661338147751,2333,1307,88,183,12
1414,1414_0,ABANDONED,SOBOL,,,,2505,3070,582,19,205
1415,1415_0,COMPLETED,SOBOL,0.320000000000000006661338147751,69.000000000000000000000000000000,0.000000000000000000000000000000,4375,1041,343,231,162
1416,1416_0,ABANDONED,SOBOL,,,,795,4581,833,67,119
1417,1417_0,COMPLETED,SOBOL,0.320000000000000006661338147751,36.000000000000000000000000000000,0.000000000000000000000000000000,427,504,650,96,92
1418,1418_0,COMPLETED,SOBOL,0.299999999999999988897769753748,232.000000000000000000000000000000,0.050000000000000002775557561563,4425,3869,145,196,129
1419,1419_0,ABANDONED,SOBOL,,,,3697,2157,905,50,242
1420,1420_0,COMPLETED,SOBOL,0.309999999999999997779553950750,212.000000000000000000000000000000,0.020000000000000000416333634234,1447,3471,396,151,43
1421,1421_0,COMPLETED,SOBOL,0.320000000000000006661338147751,46.000000000000000000000000000000,0.000000000000000000000000000000,1712,682,983,217,199
1422,1422_0,COMPLETED,SOBOL,0.299999999999999988897769753748,281.000000000000000000000000000000,0.040000000000000000832667268469,3144,4945,474,115,23
1423,1423_0,COMPLETED,SOBOL,0.320000000000000006661338147751,96.000000000000000000000000000000,0.000000000000000000000000000000,4986,1666,728,138,98
1424,1424_0,ABANDONED,SOBOL,,,,165,2706,223,37,186
1425,1425_0,ABANDONED,SOBOL,,,,1037,2379,296,9,150
1426,1426_0,COMPLETED,SOBOL,0.330000000000000015543122344752,176.000000000000000000000000000000,0.040000000000000000832667268469,3795,3244,786,172,68
1427,1427_0,COMPLETED,SOBOL,0.320000000000000006661338147751,209.000000000000000000000000000000,0.029999999999999998889776975375,2088,4096,535,249,231
1428,1428_0,COMPLETED,SOBOL,0.320000000000000006661338147751,121.000000000000000000000000000000,0.000000000000000000000000000000,2184,2276,859,155,79
1429,1429_0,ABANDONED,SOBOL,,,,2980,3346,350,54,139
1430,1430_0,ABANDONED,SOBOL,,,,3894,62,604,200,243
1431,1431_0,COMPLETED,SOBOL,0.330000000000000015543122344752,245.000000000000000000000000000000,0.010000000000000000208166817117,939,4315,99,100,37
1432,1432_0,COMPLETED,SOBOL,0.340000000000000024424906541753,64.000000000000000000000000000000,0.080000000000000001665334536938,264,931,422,71,3
1433,1433_0,COMPLETED,SOBOL,0.309999999999999997779553950750,274.000000000000000000000000000000,0.059999999999999997779553950750,4886,4696,912,235,219
1434,1434_0,ABANDONED,SOBOL,,,,3241,1720,167,23,167
1435,1435_0,COMPLETED,SOBOL,0.320000000000000006661338147751,158.000000000000000000000000000000,0.000000000000000000000000000000,1616,2653,661,187,117
1436,1436_0,COMPLETED,SOBOL,0.340000000000000024424906541753,40.000000000000000000000000000000,0.119999999999999995559107901499,1544,401,214,245,148
1437,1437_0,COMPLETED,SOBOL,0.299999999999999988897769753748,228.000000000000000000000000000000,0.040000000000000000832667268469,3602,3971,707,82,73
1438,1438_0,COMPLETED,SOBOL,0.320000000000000006661338147751,113.000000000000000000000000000000,0.000000000000000000000000000000,4523,1937,469,168,62
1439,1439_0,ABANDONED,SOBOL,,,,328,3690,959,5,222
1440,1440_0,ABANDONED,SOBOL,,,,894,1556,526,33,194
1441,1441_0,COMPLETED,SOBOL,0.320000000000000006661338147751,66.000000000000000000000000000000,0.000000000000000000000000000000,2601,1095,781,112,107
1442,1442_0,COMPLETED,SOBOL,0.299999999999999988897769753748,265.000000000000000000000000000000,0.029999999999999998889776975375,2236,4528,272,214,173
1443,1443_0,ABANDONED,SOBOL,,,,2477,973,746,29,47
1444,1444_0,ABANDONED,SOBOL,,,,2688,4650,237,176,237
1445,1445_0,ABANDONED,SOBOL,,,,4187,1376,998,74,133
1446,1446_0,COMPLETED,SOBOL,0.299999999999999988897769753748,174.000000000000000000000000000000,0.020000000000000000416333634234,645,3001,492,222,89
1447,1447_0,ABANDONED,SOBOL,,,,4594,3538,549,104,157
1448,1448_0,ABANDONED,SOBOL,,,,3534,573,311,143,209
1449,1449_0,COMPLETED,SOBOL,0.299999999999999988897769753748,205.000000000000000000000000000000,0.020000000000000000416333634234,1323,3799,805,56,9
1450,1450_0,ABANDONED,SOBOL,,,,1837,1598,326,123,228
1451,1451_0,COMPLETED,SOBOL,0.359999999999999986677323704498,158.000000000000000000000000000000,0.080000000000000001665334536938,3308,2774,821,208,52
1452,1452_0,ABANDONED,SOBOL,,,,4817,751,75,46,63
1453,1453_0,ABANDONED,SOBOL,,,,36,4876,565,131,155
1454,1454_0,ABANDONED,SOBOL,,,,1186,214,889,164,183
1455,1455_0,ABANDONED,SOBOL,,,,3983,4163,383,16,101
1456,1456_0,COMPLETED,SOBOL,0.400000000000000022204460492503,138.000000000000000000000000000000,0.140000000000000013322676295502,2894,2448,637,243,18
1457,1457_0,COMPLETED,SOBOL,0.440000000000000002220446049250,107.000000000000000000000000000000,0.260000000000000008881784197001,1920,1213,899,220,7
1458,1458_0,ABANDONED,SOBOL,,,,2913,4412,394,72,214
1459,1459_0,COMPLETED,SOBOL,0.320000000000000006661338147751,87.000000000000000000000000000000,0.000000000000000000000000000000,3962,1440,656,174,172
1460,1460_0,ABANDONED,SOBOL,,,,1202,2940,147,27,112
1461,1461_0,ABANDONED,SOBOL,,,,20,1977,337,58,84
1462,1462_0,COMPLETED,SOBOL,0.340000000000000024424906541753,215.000000000000000000000000000000,0.050000000000000002775557561563,4838,3652,831,144,134
1463,1463_0,COMPLETED,SOBOL,0.320000000000000006661338147751,234.000000000000000000000000000000,0.050000000000000002775557561563,1860,4011,584,192,32
1464,1464_0,COMPLETED,SOBOL,0.320000000000000006661338147751,135.000000000000000000000000000000,0.000000000000000000000000000000,3552,2537,537,48,30
1465,1465_0,COMPLETED,SOBOL,0.359999999999999986677323704498,62.000000000000000000000000000000,0.230000000000000009992007221626,4573,815,291,210,103
1466,1466_0,ABANDONED,SOBOL,,,,572,4815,784,125,177
1467,1467_0,ABANDONED,SOBOL,,,,630,102,734,92,143
1468,1468_0,COMPLETED,SOBOL,0.380000000000000004440892098501,252.000000000000000000000000000000,0.160000000000000003330669073875,4207,4277,224,241,79
1469,1469_0,ABANDONED,SOBOL,,,,2670,2238,977,13,58
1470,1470_0,ABANDONED,SOBOL,,,,2500,3386,472,162,226
1471,1471_0,ABANDONED,SOBOL,,,,2251,2410,514,102,118
1472,1472_0,ABANDONED,SOBOL,,,,4295,254,761,56,204
1473,1473_0,COMPLETED,SOBOL,0.320000000000000006661338147751,203.000000000000000000000000000000,0.010000000000000000208166817117,871,4126,252,156,14
1474,1474_0,COMPLETED,SOBOL,0.369999999999999995559107901499,47.000000000000000000000000000000,0.080000000000000001665334536938,351,635,201,185,42
1475,1475_0,ABANDONED,SOBOL,,,,4505,4995,695,21,242
1476,1476_0,COMPLETED,SOBOL,0.340000000000000024424906541753,92.000000000000000000000000000000,0.050000000000000002775557561563,3622,1717,449,233,128
1477,1477_0,ABANDONED,SOBOL,,,,1529,2659,938,69,94
1478,1478_0,ABANDONED,SOBOL,,,,1632,535,433,3,187
1479,1479_0,COMPLETED,SOBOL,0.309999999999999997779553950750,204.000000000000000000000000000000,0.040000000000000000832667268469,3220,3840,923,166,97
1480,1480_0,COMPLETED,SOBOL,0.320000000000000006661338147751,126.000000000000000000000000000000,0.000000000000000000000000000000,4904,2129,186,80,24
1481,1481_0,COMPLETED,SOBOL,0.320000000000000006661338147751,192.000000000000000000000000000000,0.000000000000000000000000000000,240,3500,679,243,198
1482,1482_0,ABANDONED,SOBOL,,,,962,1260,870,215,232
1483,1483_0,COMPLETED,SOBOL,0.349999999999999977795539507497,180.000000000000000000000000000000,0.040000000000000000832667268469,3876,3120,361,114,48
1484,1484_0,COMPLETED,SOBOL,0.320000000000000006661338147751,68.000000000000000000000000000000,0.000000000000000000000000000000,3002,1092,623,136,69
1485,1485_0,COMPLETED,SOBOL,0.320000000000000006661338147751,88.000000000000000000000000000000,0.000000000000000000000000000000,2108,1509,309,65,37
1486,1486_0,ABANDONED,SOBOL,,,,3062,2871,799,229,244
1487,1487_0,COMPLETED,SOBOL,0.320000000000000006661338147751,230.000000000000000000000000000000,0.010000000000000000208166817117,1019,4479,555,181,80
1488,1488_0,COMPLETED,SOBOL,0.320000000000000006661338147751,33.000000000000000000000000000000,0.000000000000000000000000000000,184,433,996,152,117
1489,1489_0,ABANDONED,SOBOL,,,,4962,3943,487,52,168
1490,1490_0,ABANDONED,SOBOL,,,,3160,1910,748,198,217
1491,1491_0,COMPLETED,SOBOL,0.469999999999999973354647408996,222.000000000000000000000000000000,0.239999999999999991118215802999,1691,3720,243,97,4
1492,1492_0,ABANDONED,SOBOL,,,,1468,884,639,39,223
1493,1493_0,COMPLETED,SOBOL,0.309999999999999997779553950750,249.000000000000000000000000000000,0.050000000000000002775557561563,3681,4746,134,140,61
1494,1494_0,COMPLETED,SOBOL,0.320000000000000006661338147751,99.000000000000000000000000000000,0.000000000000000000000000000000,4448,1770,887,117,74
1495,1495_0,COMPLETED,SOBOL,0.320000000000000006661338147751,142.000000000000000000000000000000,0.000000000000000000000000000000,409,2604,377,219,148
1496,1496_0,ABANDONED,SOBOL,,,,4351,3318,571,84,106
1497,1497_0,COMPLETED,SOBOL,0.500000000000000000000000000000,42.000000000000000000000000000000,0.800000000000000044408920985006,2521,35,325,170,25
1498,1498_0,ABANDONED,SOBOL,,,,2312,4345,814,7,193
1499,1499_0,COMPLETED,SOBOL,0.419999999999999984456877655248,31.000000000000000000000000000000,0.550000000000000044408920985006,2401,166,173,196,90
1500,1500_0,ABANDONED,SOBOL,,,,2768,4214,663,110,132
1501,1501_0,ABANDONED,SOBOL,,,,4112,2497,416,148,238
1502,1502_0,COMPLETED,SOBOL,0.299999999999999988897769753748,201.000000000000000000000000000000,0.010000000000000000208166817117,726,3128,910,62,46
1503,1503_0,COMPLETED,SOBOL,0.320000000000000006661338147751,95.000000000000000000000000000000,0.000000000000000000000000000000,476,1628,610,30,10
1504,1504_0,ABANDONED,SOBOL,,,,3454,722,854,76,158
1505,1505_0,COMPLETED,SOBOL,0.299999999999999988897769753748,309.000000000000000000000000000000,0.020000000000000000416333634234,1399,4907,348,223,122
1506,1506_0,COMPLETED,SOBOL,0.320000000000000006661338147751,123.000000000000000000000000000000,0.000000000000000000000000000000,1762,2041,775,158,153
1507,1507_0,ABANDONED,SOBOL,,,,3389,3589,270,9,64
1508,1508_0,COMPLETED,SOBOL,0.550000000000000044408920985006,91.000000000000000000000000000000,0.829999999999999960031971113494,4741,622,532,237,52
1509,1509_0,ABANDONED,SOBOL,,,,1106,1003,463,121,202
1510,1510_0,COMPLETED,SOBOL,0.400000000000000022204460492503,274.000000000000000000000000000000,0.209999999999999992228438827624,4059,4622,957,206,19
1511,1511_0,ABANDONED,SOBOL,,,,2813,1347,220,44,101
1512,1512_0,ABANDONED,SOBOL,,,,2019,3032,709,129,184
1513,1513_0,COMPLETED,SOBOL,0.320000000000000006661338147751,237.000000000000000000000000000000,0.040000000000000000832667268469,2860,3696,726,161,39
1514,1514_0,COMPLETED,SOBOL,0.320000000000000006661338147751,32.000000000000000000000000000000,0.000000000000000000000000000000,4017,418,480,89,81
1515,1515_0,COMPLETED,SOBOL,0.309999999999999997779553950750,246.000000000000000000000000000000,0.010000000000000000208166817117,1153,3957,969,238,140
1516,1516_0,COMPLETED,SOBOL,0.320000000000000006661338147751,66.000000000000000000000000000000,0.000000000000000000000000000000,147,1131,545,205,165
1517,1517_0,COMPLETED,SOBOL,0.609999999999999986677323704498,284.000000000000000000000000000000,0.949999999999999955591079014994,3421,1534,792,126,1
1518,1518_0,ABANDONED,SOBOL,,,,1725,2846,283,41,217
1519,1519_0,COMPLETED,SOBOL,0.540000000000000035527136788005,47.000000000000000000000000000000,0.390000000000000013322676295502,1367,59,839,107,60
1520,1520_0,ABANDONED,SOBOL,,,,3490,4321,330,193,220
1521,1521_0,ABANDONED,SOBOL,,,,4637,2292,592,61,147
1522,1522_0,COMPLETED,SOBOL,0.309999999999999997779553950750,187.000000000000000000000000000000,0.010000000000000000208166817117,512,3332,86,147,71
1523,1523_0,COMPLETED,SOBOL,0.320000000000000006661338147751,95.000000000000000000000000000000,0.000000000000000000000000000000,768,1756,402,179,109
1524,1524_0,ABANDONED,SOBOL,,,,4065,2619,891,32,175
1525,1525_0,COMPLETED,SOBOL,0.299999999999999988897769753748,250.000000000000000000000000000000,0.029999999999999998889776975375,2354,4721,648,79,26
1526,1526_0,COMPLETED,SOBOL,0.320000000000000006661338147751,51.000000000000000000000000000000,0.000000000000000000000000000000,2271,776,369,140,131
1527,1527_0,ABANDONED,SOBOL,,,,2568,4854,862,38,87
1528,1528_0,COMPLETED,SOBOL,0.309999999999999997779553950750,91.000000000000000000000000000000,0.050000000000000002775557561563,4310,1565,125,216,45
1529,1529_0,ABANDONED,SOBOL,,,,859,2810,615,115,235
1530,1530_0,ABANDONED,SOBOL,,,,441,2434,930,87,211
1531,1531_0,COMPLETED,SOBOL,0.500000000000000000000000000000,193.000000000000000000000000000000,0.440000000000000002220446049250,4412,3191,425,250,11
1532,1532_0,ABANDONED,SOBOL,,,,3713,219,687,8,125
1533,1533_0,COMPLETED,SOBOL,0.330000000000000015543122344752,263.000000000000000000000000000000,0.020000000000000000416333634234,1432,4160,178,171,159
1534,1534_0,COMPLETED,SOBOL,0.330000000000000015543122344752,89.000000000000000000000000000000,0.020000000000000000416333634234,1660,1401,703,230,65
1535,1535_0,ABANDONED,SOBOL,,,,3196,2979,193,66,156
1536,1536_0,ABANDONED,SOBOL,,,,4931,940,946,184,230
1537,1537_0,ABANDONED,SOBOL,,,,220,4685,441,20,55
1538,1538_0,ABANDONED,SOBOL,,,,3771,3816,506,150,201
1539,1539_0,ABANDONED,SOBOL,,,,3103,2094,260,97,181
1540,1540_0,COMPLETED,SOBOL,0.320000000000000006661338147751,185.000000000000000000000000000000,0.029999999999999998889776975375,2062,3535,753,197,99
1541,1541_0,ABANDONED,SOBOL,,,,2121,349,579,167,213
1542,1542_0,ABANDONED,SOBOL,,,,3043,4026,70,4,4
1543,1543_0,COMPLETED,SOBOL,0.320000000000000006661338147751,119.000000000000000000000000000000,0.000000000000000000000000000000,3830,2002,822,246,111
1544,1544_0,ABANDONED,SOBOL,,,,1003,3628,317,83,169
1545,1545_0,ABANDONED,SOBOL,,,,277,1464,142,111,137
1546,1546_0,COMPLETED,SOBOL,0.359999999999999986677323704498,154.000000000000000000000000000000,0.040000000000000000832667268469,4872,2915,631,212,85
1547,1547_0,ABANDONED,SOBOL,,,,3257,1198,385,34,35
1548,1548_0,ABANDONED,SOBOL,,,,1601,4426,879,135,250
1549,1549_0,COMPLETED,SOBOL,0.390000000000000013322676295502,129.000000000000000000000000000000,0.020000000000000000416333634234,1492,2224,494,201,31
1550,1550_0,ABANDONED,SOBOL,,,,3654,3401,988,100,191
1551,1551_0,ABANDONED,SOBOL,,,,4469,127,251,153,178
1552,1552_0,ABANDONED,SOBOL,,,,383,4253,741,53,106
1553,1553_0,ABANDONED,SOBOL,,,,917,839,807,24,75
1554,1554_0,COMPLETED,SOBOL,0.320000000000000006661338147751,247.000000000000000000000000000000,0.050000000000000002775557561563,4253,4790,301,188,143
1555,1555_0,ABANDONED,SOBOL,,,,2626,1823,563,70,223
1556,1556_0,ABANDONED,SOBOL,,,,2454,1653,965,45,163
1557,1557_0,COMPLETED,SOBOL,0.320000000000000006661338147751,143.000000000000000000000000000000,0.000000000000000000000000000000,2711,2722,455,130,121
1558,1558_0,COMPLETED,SOBOL,0.369999999999999995559107901499,58.000000000000000000000000000000,0.270000000000000017763568394003,4161,689,717,124,15
1559,1559_0,COMPLETED,SOBOL,0.299999999999999988897769753748,272.000000000000000000000000000000,0.010000000000000000208166817117,671,4941,212,209,207
1560,1560_0,COMPLETED,SOBOL,0.320000000000000006661338147751,28.000000000000000000000000000000,0.000000000000000000000000000000,609,308,278,241,239
1561,1561_0,COMPLETED,SOBOL,0.309999999999999997779553950750,207.000000000000000000000000000000,0.050000000000000002775557561563,4541,4072,768,93,41
1562,1562_0,ABANDONED,SOBOL,,,,1268,3279,524,16,127
1563,1563_0,ABANDONED,SOBOL,,,,1823,1028,109,75,96
1564,1564_0,COMPLETED,SOBOL,0.299999999999999988897769753748,254.000000000000000000000000000000,0.040000000000000000832667268469,3321,4597,602,222,184
1565,1565_0,ABANDONED,SOBOL,,,,4801,1313,356,27,197
1566,1566_0,COMPLETED,SOBOL,0.320000000000000006661338147751,159.000000000000000000000000000000,0.000000000000000000000000000000,52,3066,846,175,21
1567,1567_0,COMPLETED,SOBOL,0.320000000000000006661338147751,117.000000000000000000000000000000,0.000000000000000000000000000000,1248,2183,670,143,51
1568,1568_0,COMPLETED,SOBOL,0.320000000000000006661338147751,35.000000000000000000000000000000,0.000000000000000000000000000000,2959,471,918,189,152
1569,1569_0,COMPLETED,SOBOL,0.299999999999999988897769753748,252.000000000000000000000000000000,0.020000000000000000416333634234,1879,3904,408,103,69
1570,1570_0,COMPLETED,SOBOL,0.460000000000000019984014443253,54.000000000000000000000000000000,0.239999999999999991118215802999,1887,480,71,135,32
1571,1571_0,ABANDONED,SOBOL,,,,2965,3892,577,35,248
1572,1572_0,COMPLETED,SOBOL,0.320000000000000006661338147751,141.000000000000000000000000000000,0.000000000000000000000000000000,3907,2172,315,212,134
1573,1573_0,COMPLETED,SOBOL,0.299999999999999988897769753748,219.000000000000000000000000000000,0.020000000000000000416333634234,1237,3455,824,111,84
1574,1574_0,ABANDONED,SOBOL,,,,43,1322,634,83,113
1575,1575_0,ABANDONED,SOBOL,,,,3335,1017,877,4,214
1576,1576_0,COMPLETED,SOBOL,0.340000000000000024424906541753,298.000000000000000000000000000000,0.070000000000000006661338147751,1835,4606,387,168,8
1577,1577_0,COMPLETED,SOBOL,0.320000000000000006661338147751,139.000000000000000000000000000000,0.000000000000000000000000000000,1257,2355,986,233,227
1578,1578_0,COMPLETED,SOBOL,0.330000000000000015543122344752,226.000000000000000000000000000000,0.040000000000000000832667268469,3575,3267,497,70,58
1579,1579_0,COMPLETED,SOBOL,0.510000000000000008881784197001,59.000000000000000000000000000000,0.670000000000000039968028886506,4548,297,743,188,78
1580,1580_0,ABANDONED,SOBOL,,,,618,4080,249,25,144
1581,1581_0,ABANDONED,SOBOL,,,,682,697,299,53,178
1582,1582_0,COMPLETED,SOBOL,0.299999999999999988897769753748,346.000000000000000000000000000000,0.050000000000000002775557561563,4174,4930,808,154,102
1583,1583_0,COMPLETED,SOBOL,0.320000000000000006661338147751,93.000000000000000000000000000000,0.000000000000000000000000000000,2705,1642,56,100,29
1584,1584_0,COMPLETED,SOBOL,0.320000000000000006661338147751,148.000000000000000000000000000000,0.000000000000000000000000000000,2445,2730,561,202,189
1585,1585_0,ABANDONED,SOBOL,,,,2219,1832,457,17,94
1586,1586_0,COMPLETED,SOBOL,0.320000000000000006661338147751,136.000000000000000000000000000000,0.000000000000000000000000000000,2633,2541,963,164,128
1587,1587_0,COMPLETED,SOBOL,0.400000000000000022204460492503,244.000000000000000000000000000000,0.059999999999999997779553950750,906,4799,719,241,42
1588,1588_0,COMPLETED,SOBOL,0.450000000000000011102230246252,39.000000000000000000000000000000,0.250000000000000000000000000000,374,135,769,210,14
1589,1589_0,ABANDONED,SOBOL,,,,4463,4242,276,124,204
1590,1590_0,ABANDONED,SOBOL,,,,3667,2213,522,131,162
1591,1591_0,ABANDONED,SOBOL,,,,1590,1207,600,104,150
1592,1592_0,COMPLETED,SOBOL,0.299999999999999988897769753748,284.000000000000000000000000000000,0.040000000000000000832667268469,3243,4416,110,189,68
1593,1593_0,COMPLETED,SOBOL,0.320000000000000006661338147751,82.000000000000000000000000000000,0.000000000000000000000000000000,4879,1454,848,58,48
1594,1594_0,ABANDONED,SOBOL,,,,285,2924,354,143,232
1595,1595_0,COMPLETED,SOBOL,0.330000000000000015543122344752,227.000000000000000000000000000000,0.050000000000000002775557561563,3843,3617,673,27,23
1596,1596_0,COMPLETED,SOBOL,0.450000000000000011102230246252,43.000000000000000000000000000000,0.579999999999999960031971113494,3037,338,411,223,96
1597,1597_0,ABANDONED,SOBOL,,,,2112,4035,916,75,188
1598,1598_0,COMPLETED,SOBOL,0.320000000000000006661338147751,119.000000000000000000000000000000,0.000000000000000000000000000000,2056,2103,724,41,4
1599,1599_0,ABANDONED,SOBOL,,,,3095,3525,234,127,218
1600,1600_0,ABANDONED,SOBOL,,,,3783,548,972,119,168
1601,1601_0,COMPLETED,SOBOL,0.309999999999999997779553950750,197.000000000000000000000000000000,0.010000000000000000208166817117,1074,3825,478,205,116
1602,1602_0,ABANDONED,SOBOL,,,,4939,4674,546,90,138
1603,1603_0,ABANDONED,SOBOL,,,,3186,1390,285,160,244
1604,1604_0,ABANDONED,SOBOL,,,,1646,2987,790,13,36
1605,1605_0,ABANDONED,SOBOL,,,,1445,228,331,79,192
1606,1606_0,COMPLETED,SOBOL,0.460000000000000019984014443253,245.000000000000000000000000000000,0.309999999999999997779553950750,3724,4149,837,227,26
1607,1607_0,COMPLETED,SOBOL,0.309999999999999997779553950750,186.000000000000000000000000000000,0.010000000000000000208166817117,435,3200,593,179,174
1608,1608_0,ABANDONED,SOBOL,,,,845,1573,893,147,147
1609,1609_0,ABANDONED,SOBOL,,,,4299,2799,400,62,74
1610,1610_0,COMPLETED,SOBOL,0.330000000000000015543122344752,55.000000000000000000000000000000,0.230000000000000009992007221626,2576,765,646,192,62
1611,1611_0,COMPLETED,SOBOL,0.320000000000000006661338147751,58.000000000000000000000000000000,0.000000000000000000000000000000,2348,917,860,171,122
1612,1612_0,ABANDONED,SOBOL,,,,2801,4710,370,7,159
1613,1613_0,COMPLETED,SOBOL,0.320000000000000006661338147751,95.000000000000000000000000000000,0.000000000000000000000000000000,4076,1744,617,250,208
1614,1614_0,COMPLETED,SOBOL,0.309999999999999997779553950750,149.000000000000000000000000000000,0.010000000000000000208166817117,781,2628,123,86,9
1615,1615_0,COMPLETED,SOBOL,0.320000000000000006661338147751,120.000000000000000000000000000000,0.000000000000000000000000000000,518,2301,423,115,46
1616,1616_0,ABANDONED,SOBOL,,,,4645,3321,933,216,239
1617,1617_0,ABANDONED,SOBOL,,,,3479,48,180,38,132
1618,1618_0,COMPLETED,SOBOL,0.309999999999999997779553950750,274.000000000000000000000000000000,0.020000000000000000416333634234,1354,4330,685,139,90
1619,1619_0,COMPLETED,SOBOL,0.320000000000000006661338147751,86.000000000000000000000000000000,0.000000000000000000000000000000,1738,1542,196,198,183
1620,1620_0,ABANDONED,SOBOL,,,,3432,2835,701,96,101
1621,1621_0,COMPLETED,SOBOL,0.340000000000000024424906541753,69.000000000000000000000000000000,0.059999999999999997779553950750,4696,1119,439,150,20
1622,1622_0,ABANDONED,SOBOL,,,,141,4503,948,48,202
1623,1623_0,ABANDONED,SOBOL,,,,1139,426,508,21,228
1624,1624_0,COMPLETED,SOBOL,0.320000000000000006661338147751,113.000000000000000000000000000000,0.000000000000000000000000000000,2868,1923,751,66,65
1625,1625_0,COMPLETED,SOBOL,0.320000000000000006661338147751,195.000000000000000000000000000000,0.020000000000000000416333634234,1983,3705,261,229,153
1626,1626_0,ABANDONED,SOBOL,,,,2029,1337,801,97,217
1627,1627_0,COMPLETED,SOBOL,0.579999999999999960031971113494,247.000000000000000000000000000000,0.989999999999999991118215802999,2827,3041,307,199,1
1628,1628_0,ABANDONED,SOBOL,,,,4053,1012,554,51,115
1629,1629_0,COMPLETED,SOBOL,0.320000000000000006661338147751,42.000000000000000000000000000000,0.000000000000000000000000000000,104,611,489,181,141
1630,1630_0,ABANDONED,SOBOL,,,,4728,3761,994,18,81
1631,1631_0,COMPLETED,SOBOL,0.349999999999999977795539507497,120.000000000000000000000000000000,0.089999999999999996669330926125,3395,2049,241,228,39
1632,1632_0,ABANDONED,SOBOL,,,,1770,3578,751,66,245
1633,1633_0,ABANDONED,SOBOL,,,,1391,711,132,7,26
1634,1634_0,ABANDONED,SOBOL,,,,3447,4916,641,171,195
1635,1635_0,ABANDONED,SOBOL,,,,4682,1637,379,84,175
1636,1636_0,COMPLETED,SOBOL,0.299999999999999988897769753748,150.000000000000000000000000000000,0.010000000000000000208166817117,486,2736,884,247,110
1637,1637_0,COMPLETED,SOBOL,0.320000000000000006661338147751,143.000000000000000000000000000000,0.010000000000000000208166817117,735,2486,569,219,72
1638,1638_0,ABANDONED,SOBOL,,,,2755,174,816,140,220
1639,1639_0,ABANDONED,SOBOL,,,,2390,4203,323,39,61
1640,1640_0,COMPLETED,SOBOL,0.309999999999999997779553950750,20.000000000000000000000000000000,0.299999999999999988897769753748,2323,23,665,224,160
1641,1641_0,ABANDONED,SOBOL,,,,2534,4354,171,76,125
1642,1642_0,COMPLETED,SOBOL,0.429999999999999993338661852249,149.000000000000000000000000000000,0.029999999999999998889776975375,4345,2316,908,178,10
1643,1643_0,ABANDONED,SOBOL,,,,804,3306,418,30,211
1644,1644_0,COMPLETED,SOBOL,0.359999999999999986677323704498,141.000000000000000000000000000000,0.029999999999999998889776975375,4435,2613,608,148,45
1645,1645_0,COMPLETED,SOBOL,0.320000000000000006661338147751,56.000000000000000000000000000000,0.000000000000000000000000000000,3687,893,346,110,86
1646,1646_0,COMPLETED,SOBOL,0.299999999999999988897769753748,257.000000000000000000000000000000,0.020000000000000000416333634234,1477,4735,855,195,131
1647,1647_0,COMPLETED,SOBOL,0.320000000000000006661338147751,109.000000000000000000000000000000,0.000000000000000000000000000000,1683,1898,268,130,100
1648,1648_0,ABANDONED,SOBOL,,,,3154,3729,777,44,180
1649,1649_0,COMPLETED,SOBOL,0.309999999999999997779553950750,221.000000000000000000000000000000,0.000000000000000000000000000000,194,3931,530,120,17
1650,1650_0,COMPLETED,SOBOL,0.320000000000000006661338147751,69.000000000000000000000000000000,0.000000000000000000000000000000,1027,1135,955,89,55
1651,1651_0,COMPLETED,SOBOL,0.309999999999999997779553950750,257.000000000000000000000000000000,0.050000000000000002775557561563,3824,4488,465,236,229
1652,1652_0,ABANDONED,SOBOL,,,,3049,1518,712,10,156
1653,1653_0,COMPLETED,SOBOL,0.320000000000000006661338147751,169.000000000000000000000000000000,0.029999999999999998889776975375,2097,2860,218,157,66
1654,1654_0,ABANDONED,SOBOL,,,,2154,1080,392,191,249
1655,1655_0,COMPLETED,SOBOL,0.299999999999999988897769753748,267.000000000000000000000000000000,0.040000000000000000832667268469,2990,4542,901,106,35
1656,1656_0,COMPLETED,SOBOL,0.320000000000000006661338147751,75.000000000000000000000000000000,0.000000000000000000000000000000,3885,1268,149,144,85
1657,1657_0,ABANDONED,SOBOL,,,,968,3108,654,58,137
1658,1658_0,ABANDONED,SOBOL,,,,254,2118,829,26,169
1659,1659_0,COMPLETED,SOBOL,0.309999999999999997779553950750,217.000000000000000000000000000000,0.050000000000000002775557561563,4915,3509,339,174,111
1660,1660_0,COMPLETED,SOBOL,0.489999999999999991118215802999,81.000000000000000000000000000000,0.689999999999999946709294817992,3212,544,585,72,5
1661,1661_0,COMPLETED,SOBOL,0.320000000000000006661338147751,109.000000000000000000000000000000,0.000000000000000000000000000000,1535,1705,539,161,57
1662,1662_0,COMPLETED,SOBOL,0.369999999999999995559107901499,63.000000000000000000000000000000,0.299999999999999988897769753748,4494,643,782,240,143
1663,1663_0,COMPLETED,SOBOL,0.309999999999999997779553950750,253.000000000000000000000000000000,0.000000000000000000000000000000,338,4984,292,93,75
1664,1664_0,COMPLETED,SOBOL,0.340000000000000024424906541753,26.000000000000000000000000000000,0.020000000000000000416333634234,864,243,227,124,105
1665,1665_0,COMPLETED,SOBOL,0.330000000000000015543122344752,234.000000000000000000000000000000,0.050000000000000002775557561563,4286,4134,732,210,179
1666,1666_0,ABANDONED,SOBOL,,,,2591,2419,470,47,192
1667,1667_0,COMPLETED,SOBOL,0.309999999999999997779553950750,174.000000000000000000000000000000,0.029999999999999998889776975375,2265,3204,979,133,30
1668,1668_0,COMPLETED,SOBOL,0.289999999999999980015985556747,175.000000000000000000000000000000,0.100000000000000005551115123126,2659,3395,515,232,91
1669,1669_0,ABANDONED,SOBOL,,,,4216,111,253,22,41
1670,1670_0,ABANDONED,SOBOL,,,,636,4267,759,184,239
1671,1671_0,ABANDONED,SOBOL,,,,586,804,693,157,207
1672,1672_0,COMPLETED,SOBOL,0.309999999999999997779553950750,273.000000000000000000000000000000,0.059999999999999997779553950750,4584,4823,203,55,15
1673,1673_0,COMPLETED,SOBOL,0.320000000000000006661338147751,100.000000000000000000000000000000,0.000000000000000000000000000000,3543,1846,940,202,121
1674,1674_0,ABANDONED,SOBOL,,,,1293,2526,446,101,163
1675,1675_0,ABANDONED,SOBOL,,,,1866,352,925,35,69
1676,1676_0,ABANDONED,SOBOL,,,,3298,4020,431,136,153
1677,1677_0,ABANDONED,SOBOL,,,,4827,1986,677,114,234
1678,1678_0,COMPLETED,SOBOL,0.309999999999999997779553950750,196.000000000000000000000000000000,0.000000000000000000000000000000,6,3642,188,215,50
1679,1679_0,COMPLETED,SOBOL,0.349999999999999977795539507497,91.000000000000000000000000000000,0.050000000000000002775557561563,1196,1429,363,243,20
1680,1680_0,ABANDONED,SOBOL,,,,3953,2948,868,79,198
1681,1681_0,ABANDONED,SOBOL,,,,1934,4401,625,3,95
1682,1682_0,COMPLETED,SOBOL,0.320000000000000006661338147751,127.000000000000000000000000000000,0.000000000000000000000000000000,1949,2459,352,187,166
1683,1683_0,ABANDONED,SOBOL,,,,2903,3166,857,24,114
1684,1684_0,COMPLETED,SOBOL,0.599999999999999977795539507497,356.000000000000000000000000000000,1.000000000000000000000000000000,3972,205,97,234,2
1685,1685_0,ABANDONED,SOBOL,,,,1173,4175,606,71,216
1686,1686_0,ABANDONED,SOBOL,,,,29,762,914,99,246
1687,1687_0,COMPLETED,SOBOL,0.309999999999999997779553950750,294.000000000000000000000000000000,0.119999999999999995559107901499,4809,4867,420,201,38
1688,1688_0,ABANDONED,SOBOL,,,,3318,1589,659,53,82
1689,1689_0,COMPLETED,SOBOL,0.320000000000000006661338147751,168.000000000000000000000000000000,0.000000000000000000000000000000,1850,2785,169,155,140
1690,1690_0,COMPLETED,SOBOL,0.330000000000000015543122344752,52.000000000000000000000000000000,0.130000000000000004440892098501,1310,584,706,213,109
1691,1691_0,ABANDONED,SOBOL,,,,3523,3791,216,112,175
1692,1692_0,ABANDONED,SOBOL,,,,4602,2080,961,134,194
1693,1693_0,COMPLETED,SOBOL,0.320000000000000006661338147751,193.000000000000000000000000000000,0.010000000000000000208166817117,563,3549,467,33,28
1694,1694_0,ABANDONED,SOBOL,,,,4197,2993,528,169,220
1695,1695_0,ABANDONED,SOBOL,,,,2680,964,274,81,145
1696,1696_0,COMPLETED,SOBOL,0.349999999999999977795539507497,268.000000000000000000000000000000,0.089999999999999996669330926125,2471,4660,779,245,73
1697,1697_0,ABANDONED,SOBOL,,,,2242,1105,239,57,210
1698,1698_0,COMPLETED,SOBOL,0.299999999999999988897769753748,264.000000000000000000000000000000,0.029999999999999998889776975375,2609,4519,745,142,12
1699,1699_0,ABANDONED,SOBOL,,,,4265,1547,491,104,124
1700,1700_0,COMPLETED,SOBOL,0.320000000000000006661338147751,156.000000000000000000000000000000,0.000000000000000000000000000000,881,2832,1000,189,160
1701,1701_0,COMPLETED,SOBOL,0.320000000000000006661338147751,111.000000000000000000000000000000,0.000000000000000000000000000000,322,1948,552,222,130
1702,1702_0,COMPLETED,SOBOL,0.489999999999999991118215802999,56.000000000000000000000000000000,0.569999999999999951150186916493,3612,393,803,176,44
1703,1703_0,ABANDONED,SOBOL,,,,1558,3982,313,28,236
1704,1704_0,COMPLETED,SOBOL,0.320000000000000006661338147751,96.000000000000000000000000000000,0.000000000000000000000000000000,1603,1731,818,95,18
1705,1705_0,COMPLETED,SOBOL,0.320000000000000006661338147751,149.000000000000000000000000000000,0.000000000000000000000000000000,3230,2644,329,242,200
1706,1706_0,ABANDONED,SOBOL,,,,4895,922,567,16,181
1707,1707_0,COMPLETED,SOBOL,0.489999999999999991118215802999,37.000000000000000000000000000000,0.260000000000000008881784197001,952,73,381,132,67
1708,1708_0,ABANDONED,SOBOL,,,,3905,4307,890,45,155
1709,1709_0,COMPLETED,SOBOL,0.320000000000000006661338147751,193.000000000000000000000000000000,0.029999999999999998889776975375,2177,3357,636,122,54
1710,1710_0,ABANDONED,SOBOL,,,,2079,292,942,32,135
1711,1711_0,COMPLETED,SOBOL,0.309999999999999997779553950750,241.000000000000000000000000000000,0.040000000000000000832667268469,3071,4087,452,180,86
1712,1712_0,COMPLETED,SOBOL,0.320000000000000006661338147751,136.000000000000000000000000000000,0.000000000000000000000000000000,3808,2370,691,78,35
1713,1713_0,ABANDONED,SOBOL,,,,174,1677,255,193,212
1714,1714_0,COMPLETED,SOBOL,0.409999999999999975575093458247,143.000000000000000000000000000000,0.100000000000000005551115123126,4992,2698,765,108,6
1715,1715_0,ABANDONED,SOBOL,,,,1701,4956,509,61,170
1716,1716_0,COMPLETED,SOBOL,0.320000000000000006661338147751,117.000000000000000000000000000000,0.000000000000000000000000000000,1458,2167,114,119,76
1717,1717_0,COMPLETED,SOBOL,0.309999999999999997779553950750,211.000000000000000000000000000000,0.040000000000000000832667268469,3711,3462,619,205,142
1718,1718_0,ABANDONED,SOBOL,,,,4419,495,365,42,225
1719,1719_0,COMPLETED,SOBOL,0.320000000000000006661338147751,215.000000000000000000000000000000,0.010000000000000000208166817117,419,3879,874,128,55
1720,1720_0,COMPLETED,SOBOL,0.309999999999999997779553950750,68.000000000000000000000000000000,0.010000000000000000208166817117,783,1052,675,160,31
1721,1721_0,COMPLETED,SOBOL,0.320000000000000006661338147751,74.000000000000000000000000000000,0.000000000000000000000000000000,2511,1299,927,238,180
1722,1722_0,ABANDONED,SOBOL,,,,2342,3081,437,91,104
1723,1723_0,ABANDONED,SOBOL,,,,2410,1480,580,151,240
1724,1724_0,COMPLETED,SOBOL,0.299999999999999988897769753748,155.000000000000000000000000000000,0.029999999999999998889776975375,2739,2900,90,50,40
1725,1725_0,COMPLETED,SOBOL,0.320000000000000006661338147751,70.000000000000000000000000000000,0.000000000000000000000000000000,4141,1175,835,197,92
1726,1726_0,ABANDONED,SOBOL,,,,717,4450,341,95,126
1727,1727_0,COMPLETED,SOBOL,0.309999999999999997779553950750,243.000000000000000000000000000000,0.050000000000000002775557561563,4659,4050,652,231,120
1728,1728_0,COMPLETED,SOBOL,0.320000000000000006661338147751,110.000000000000000000000000000000,0.000000000000000000000000000000,3463,2017,398,20,16
1729,1729_0,ABANDONED,SOBOL,,,,1370,3613,903,183,206
1730,1730_0,COMPLETED,SOBOL,0.510000000000000008881784197001,99.000000000000000000000000000000,0.409999999999999975575093458247,1791,855,476,250,50
1731,1731_0,ABANDONED,SOBOL,,,,3379,4775,981,86,235
1732,1732_0,COMPLETED,SOBOL,0.320000000000000006661338147751,95.000000000000000000000000000000,0.000000000000000000000000000000,4750,1800,221,173,151
1733,1733_0,ABANDONED,SOBOL,,,,86,2575,730,9,70
1734,1734_0,ABANDONED,SOBOL,,,,1116,2200,788,37,95
1735,1735_0,ABANDONED,SOBOL,,,,4030,3425,294,138,186
1736,1736_0,ABANDONED,SOBOL,,,,2843,142,533,116,196
1737,1737_0,COMPLETED,SOBOL,0.320000000000000006661338147751,244.000000000000000000000000000000,0.190000000000000002220446049250,2009,4238,43,217,21
1738,1738_0,COMPLETED,SOBOL,0.320000000000000006661338147751,44.000000000000000000000000000000,0.000000000000000000000000000000,1967,649,520,84,83
1739,1739_0,ABANDONED,SOBOL,,,,3988,1691,771,5,247
1740,1740_0,COMPLETED,SOBOL,0.320000000000000006661338147751,142.000000000000000000000000000000,0.010000000000000000208166817117,1162,2683,282,169,33
1741,1741_0,COMPLETED,SOBOL,0.320000000000000006661338147751,124.000000000000000000000000000000,0.000000000000000000000000000000,118,2385,208,141,7
1742,1742_0,ABANDONED,SOBOL,,,,4714,3240,713,40,215
1743,1743_0,COMPLETED,SOBOL,0.429999999999999993338661852249,38.000000000000000000000000000000,0.299999999999999988897769753748,3411,268,460,218,171
1744,1744_0,COMPLETED,SOBOL,0.299999999999999988897769753748,264.000000000000000000000000000000,0.020000000000000000416333634234,1755,4112,968,117,114
1745,1745_0,ABANDONED,SOBOL,,,,1338,1274,413,50,145
1746,1746_0,COMPLETED,SOBOL,0.320000000000000006661338147751,186.000000000000000000000000000000,0.040000000000000000832667268469,3500,3106,922,152,77
1747,1747_0,COMPLETED,SOBOL,0.320000000000000006661338147751,72.000000000000000000000000000000,0.000000000000000000000000000000,4628,1066,161,98,58
1748,1748_0,ABANDONED,SOBOL,,,,542,4558,667,200,226
1749,1749_0,COMPLETED,SOBOL,0.320000000000000006661338147751,36.000000000000000000000000000000,0.000000000000000000000000000000,758,510,849,227,190
1750,1750_0,COMPLETED,SOBOL,0.320000000000000006661338147751,230.000000000000000000000000000000,0.050000000000000002775557561563,4094,3865,360,64,28
1751,1751_0,COMPLETED,SOBOL,0.320000000000000006661338147751,113.000000000000000000000000000000,0.000000000000000000000000000000,2780,2143,598,181,103
1752,1752_0,COMPLETED,SOBOL,0.320000000000000006661338147751,107.000000000000000000000000000000,0.029999999999999998889776975375,2300,1963,883,207,43
1753,1753_0,ABANDONED,SOBOL,,,,2558,3667,389,121,241
1754,1754_0,ABANDONED,SOBOL,,,,4319,389,628,129,129
1755,1755_0,ABANDONED,SOBOL,,,,830,3986,138,42,93
1756,1756_0,ABANDONED,SOBOL,,,,450,1238,321,11,119
1757,1757_0,ABANDONED,SOBOL,,,,4383,4387,826,158,161
1758,1758_0,COMPLETED,SOBOL,0.419999999999999984456877655248,166.000000000000000000000000000000,0.119999999999999995559107901499,1422,2953,575,235,13
1759,1759_0,ABANDONED,SOBOL,,,,3167,4292,559,29,49
1760,1760_0,COMPLETED,SOBOL,0.320000000000000006661338147751,129.000000000000000000000000000000,0.000000000000000000000000000000,4960,2263,305,225,67
1761,1761_0,ABANDONED,SOBOL,,,,210,3362,810,76,151
1762,1762_0,ABANDONED,SOBOL,,,,1090,1863,737,109,187
1763,1763_0,COMPLETED,SOBOL,0.320000000000000006661338147751,129.000000000000000000000000000000,0.000000000000000000000000000000,3762,2512,247,194,98
1764,1764_0,COMPLETED,SOBOL,0.320000000000000006661338147751,50.000000000000000000000000000000,0.000000000000000000000000000000,3113,801,992,63,22
1765,1765_0,ABANDONED,SOBOL,,,,2032,4829,498,148,199
1766,1766_0,COMPLETED,SOBOL,0.330000000000000015543122344752,88.000000000000000000000000000000,0.029999999999999998889776975375,2131,1604,174,239,117
1767,1767_0,ABANDONED,SOBOL,,,,3013,2771,683,92,167
1768,1768_0,ABANDONED,SOBOL,,,,3859,738,429,162,219
1769,1769_0,COMPLETED,SOBOL,0.320000000000000006661338147751,252.000000000000000000000000000000,0.000000000000000000000000000000,994,4892,934,15,3
1770,1770_0,COMPLETED,SOBOL,0.320000000000000006661338147751,21.000000000000000000000000000000,0.000000000000000000000000000000,306,181,611,47,37
1771,1771_0,ABANDONED,SOBOL,,,,3267,2473,866,125,139
1772,1772_0,COMPLETED,SOBOL,0.340000000000000024424906541753,179.000000000000000000000000000000,0.020000000000000000416333634234,1571,3151,372,211,79
1773,1773_0,ABANDONED,SOBOL,,,,1521,979,757,145,173
1774,1774_0,ABANDONED,SOBOL,,,,3644,4646,263,60,108
1775,1775_0,COMPLETED,SOBOL,0.320000000000000006661338147751,82.000000000000000000000000000000,0.059999999999999997779553950750,4478,1363,502,191,25
1776,1776_0,ABANDONED,SOBOL,,,,927,2056,444,73,221
1777,1777_0,COMPLETED,SOBOL,0.429999999999999993338661852249,246.000000000000000000000000000000,0.349999999999999977795539507497,4224,3574,950,221,63
1778,1778_0,ABANDONED,SOBOL,,,,2656,598,190,25,74
1779,1779_0,COMPLETED,SOBOL,0.309999999999999997779553950750,245.000000000000000000000000000000,0.029999999999999998889776975375,2201,3776,699,173,148
1780,1780_0,COMPLETED,SOBOL,0.359999999999999986677323704498,43.000000000000000000000000000000,0.369999999999999995559107901499,2425,456,286,113,9
1781,1781_0,COMPLETED,SOBOL,0.320000000000000006661338147751,220.000000000000000000000000000000,0.029999999999999998889776975375,2721,3918,796,214,209
1782,1782_0,COMPLETED,SOBOL,0.320000000000000006661338147751,211.000000000000000000000000000000,0.010000000000000000208166817117,700,3735,541,137,123
1783,1783_0,COMPLETED,SOBOL,0.320000000000000006661338147751,85.000000000000000000000000000000,0.000000000000000000000000000000,600,1494,974,166,89
1784,1784_0,ABANDONED,SOBOL,,,,4570,2886,484,2,133
1785,1785_0,COMPLETED,SOBOL,0.320000000000000006661338147751,76.000000000000000000000000000000,0.000000000000000000000000000000,3559,1169,722,244,237
1786,1786_0,COMPLETED,SOBOL,0.299999999999999988897769753748,231.000000000000000000000000000000,0.020000000000000000416333634234,1278,4456,229,81,46
1787,1787_0,ABANDONED,SOBOL,,,,1813,2331,644,23,203
1788,1788_0,COMPLETED,SOBOL,0.409999999999999975575093458247,185.000000000000000000000000000000,0.280000000000000026645352591004,3351,3294,151,186,19
1789,1789_0,ABANDONED,SOBOL,,,,4772,19,896,68,102
1790,1790_0,COMPLETED,SOBOL,0.309999999999999997779553950750,216.000000000000000000000000000000,0.000000000000000000000000000000,61,4360,405,231,183
1791,1791_0,COMPLETED,SOBOL,0.299999999999999988897769753748,293.000000000000000000000000000000,0.050000000000000002775557561563,3931,4761,587,102,64
1792,1792_0,COMPLETED,SOBOL,0.320000000000000006661338147751,92.000000000000000000000000000000,0.000000000000000000000000000000,2949,1794,333,156,53
1793,1793_0,ABANDONED,SOBOL,,,,1908,2581,843,54,227
1794,1794_0,COMPLETED,SOBOL,0.380000000000000004440892098501,49.000000000000000000000000000000,0.170000000000000012212453270877,1909,460,563,231,124
1795,1795_0,ABANDONED,SOBOL,,,,3930,1878,806,183,209
1796,1796_0,COMPLETED,SOBOL,0.320000000000000006661338147751,198.000000000000000000000000000000,0.000000000000000000000000000000,1221,3749,301,19,9
1797,1797_0,COMPLETED,SOBOL,0.320000000000000006661338147751,84.000000000000000000000000000000,0.000000000000000000000000000000,59,1497,251,50,47
1798,1798_0,ABANDONED,SOBOL,,,,4773,2880,741,151,237
1799,1799_0,ABANDONED,SOBOL,,,,3352,1153,494,96,132
1800,1800_0,COMPLETED,SOBOL,0.330000000000000015543122344752,253.000000000000000000000000000000,0.020000000000000000416333634234,1813,4469,988,196,89
1801,1801_0,ABANDONED,SOBOL,,,,1280,2335,385,139,183
1802,1802_0,ABANDONED,SOBOL,,,,3559,3287,879,37,101
1803,1803_0,COMPLETED,SOBOL,0.369999999999999995559107901499,21.000000000000000000000000000000,0.230000000000000009992007221626,4569,3,142,217,18
1804,1804_0,ABANDONED,SOBOL,,,,600,4374,632,116,203
1805,1805_0,ABANDONED,SOBOL,,,,700,873,822,86,228
1806,1806_0,COMPLETED,SOBOL,0.460000000000000019984014443253,304.000000000000000000000000000000,0.289999999999999980015985556747,4153,4755,317,249,52
1807,1807_0,ABANDONED,SOBOL,,,,2722,1778,579,9,63
1808,1808_0,COMPLETED,SOBOL,0.340000000000000024424906541753,105.000000000000000000000000000000,0.500000000000000000000000000000,2202,1618,918,108,3
1809,1809_0,ABANDONED,SOBOL,,,,2655,2755,409,194,219
1810,1810_0,ABANDONED,SOBOL,,,,4222,732,671,60,167
1811,1811_0,COMPLETED,SOBOL,0.309999999999999997779553950750,277.000000000000000000000000000000,0.010000000000000000208166817117,928,4896,165,146,117
1812,1812_0,COMPLETED,SOBOL,0.419999999999999984456877655248,34.000000000000000000000000000000,0.119999999999999995559107901499,353,194,356,180,80
1813,1813_0,ABANDONED,SOBOL,,,,4480,4183,845,33,139
1814,1814_0,COMPLETED,SOBOL,0.320000000000000006661338147751,164.000000000000000000000000000000,0.020000000000000000416333634234,1519,3155,602,78,37
1815,1815_0,COMPLETED,SOBOL,0.309999999999999997779553950750,241.000000000000000000000000000000,0.040000000000000000832667268469,3265,4630,524,160,24
1816,1816_0,ABANDONED,SOBOL,,,,4862,1357,278,90,107
1817,1817_0,COMPLETED,SOBOL,0.309999999999999997779553950750,166.000000000000000000000000000000,0.000000000000000000000000000000,308,3021,768,239,173
1818,1818_0,COMPLETED,SOBOL,0.320000000000000006661338147751,120.000000000000000000000000000000,0.000000000000000000000000000000,992,2069,717,204,149
1819,1819_0,COMPLETED,SOBOL,0.330000000000000015543122344752,213.000000000000000000000000000000,0.050000000000000002775557561563,3859,3558,212,119,73
1820,1820_0,COMPLETED,SOBOL,0.320000000000000006661338147751,45.000000000000000000000000000000,0.059999999999999997779553950750,3016,592,965,127,62
1821,1821_0,ABANDONED,SOBOL,,,,2130,3780,456,42,222
1822,1822_0,ABANDONED,SOBOL,,,,2033,1967,154,74,93
1823,1823_0,COMPLETED,SOBOL,0.320000000000000006661338147751,202.000000000000000000000000000000,0.040000000000000000832667268469,3111,3660,648,222,129
1824,1824_0,ABANDONED,SOBOL,,,,3761,373,402,28,242
1825,1825_0,COMPLETED,SOBOL,0.309999999999999997779553950750,230.000000000000000000000000000000,0.010000000000000000208166817117,1091,4000,892,176,43
1826,1826_0,COMPLETED,SOBOL,0.320000000000000006661338147751,77.000000000000000000000000000000,0.000000000000000000000000000000,209,1242,591,142,12
1827,1827_0,COMPLETED,SOBOL,0.320000000000000006661338147751,82.000000000000000000000000000000,0.000000000000000000000000000000,3169,1410,839,190,161
1828,1828_0,ABANDONED,SOBOL,,,,1669,2967,329,104,119
1829,1829_0,ABANDONED,SOBOL,,,,1423,92,792,46,150
1830,1830_0,COMPLETED,SOBOL,0.330000000000000015543122344752,269.000000000000000000000000000000,0.050000000000000002775557561563,3742,4286,283,131,68
1831,1831_0,COMPLETED,SOBOL,0.320000000000000006661338147751,132.000000000000000000000000000000,0.000000000000000000000000000000,4380,2248,545,123,49
1832,1832_0,COMPLETED,SOBOL,0.320000000000000006661338147751,104.000000000000000000000000000000,0.000000000000000000000000000000,829,1866,480,242,199
1833,1833_0,COMPLETED,SOBOL,0.359999999999999986677323704498,150.000000000000000000000000000000,0.029999999999999998889776975375,4322,2506,970,94,23
1834,1834_0,COMPLETED,SOBOL,0.309999999999999997779553950750,52.000000000000000000000000000000,0.029999999999999998889776975375,2558,785,233,164,98
1835,1835_0,ABANDONED,SOBOL,,,,2298,4842,726,15,186
1836,1836_0,COMPLETED,SOBOL,0.380000000000000004440892098501,55.000000000000000000000000000000,0.489999999999999991118215802999,2366,662,259,200,33
1837,1837_0,ABANDONED,SOBOL,,,,2780,4965,753,99,247
1838,1838_0,ABANDONED,SOBOL,,,,759,2687,505,54,83
1839,1839_0,ABANDONED,SOBOL,,,,541,2398,946,23,113
1840,1840_0,COMPLETED,SOBOL,0.340000000000000024424906541753,192.000000000000000000000000000000,0.040000000000000000832667268469,4629,3224,441,187,171
1841,1841_0,ABANDONED,SOBOL,,,,3501,262,703,71,215
1842,1842_0,COMPLETED,SOBOL,0.510000000000000008881784197001,262.000000000000000000000000000000,0.280000000000000026645352591004,1336,4115,194,235,7
1843,1843_0,ABANDONED,SOBOL,,,,1755,1287,687,168,225
1844,1844_0,ABANDONED,SOBOL,,,,3409,3090,178,5,59
1845,1845_0,COMPLETED,SOBOL,0.359999999999999986677323704498,70.000000000000000000000000000000,0.119999999999999995559107901499,4713,1060,931,245,77
1846,1846_0,ABANDONED,SOBOL,,,,120,4562,425,82,144
1847,1847_0,COMPLETED,SOBOL,0.299999999999999988897769753748,199.000000000000000000000000000000,0.050000000000000002775557561563,3989,3849,615,213,104
1848,1848_0,COMPLETED,SOBOL,0.320000000000000006661338147751,109.000000000000000000000000000000,0.000000000000000000000000000000,2891,2137,368,33,28
1849,1849_0,ABANDONED,SOBOL,,,,1967,3490,862,134,189
1850,1850_0,ABANDONED,SOBOL,,,,2008,1474,325,2,126
1851,1851_0,COMPLETED,SOBOL,0.289999999999999980015985556747,156.000000000000000000000000000000,0.040000000000000000832667268469,2845,2904,814,165,91
1852,1852_0,COMPLETED,SOBOL,0.320000000000000006661338147751,67.000000000000000000000000000000,0.000000000000000000000000000000,4030,1188,77,81,40
1853,1853_0,COMPLETED,SOBOL,0.320000000000000006661338147751,252.000000000000000000000000000000,0.010000000000000000208166817117,1114,4435,571,244,241
1854,1854_0,COMPLETED,SOBOL,0.320000000000000006661338147751,28.000000000000000000000000000000,0.000000000000000000000000000000,88,319,887,214,206
1855,1855_0,COMPLETED,SOBOL,0.309999999999999997779553950750,250.000000000000000000000000000000,0.050000000000000002775557561563,4750,4053,377,113,15
1856,1856_0,COMPLETED,SOBOL,0.320000000000000006661338147751,108.000000000000000000000000000000,0.000000000000000000000000000000,3377,2030,639,137,120
1857,1857_0,COMPLETED,SOBOL,0.320000000000000006661338147751,53.000000000000000000000000000000,0.000000000000000000000000000000,1368,849,749,102,71
1858,1858_0,COMPLETED,SOBOL,0.299999999999999988897769753748,233.000000000000000000000000000000,0.040000000000000000832667268469,3464,4779,243,203,151
1859,1859_0,ABANDONED,SOBOL,,,,4661,1813,996,55,234
1860,1860_0,COMPLETED,SOBOL,0.289999999999999980015985556747,142.000000000000000000000000000000,0.010000000000000000208166817117,504,2560,487,156,50
1861,1861_0,COMPLETED,SOBOL,0.320000000000000006661338147751,110.000000000000000000000000000000,0.000000000000000000000000000000,718,2194,62,186,22
1862,1862_0,ABANDONED,SOBOL,,,,4139,3428,556,22,196
1863,1863_0,COMPLETED,SOBOL,0.369999999999999995559107901499,26.000000000000000000000000000000,0.270000000000000017763568394003,2738,155,309,232,185
1864,1864_0,ABANDONED,SOBOL,,,,2412,4222,799,68,95
1865,1865_0,COMPLETED,SOBOL,0.320000000000000006661338147751,191.000000000000000000000000000000,0.029999999999999998889776975375,2512,4100,710,47,34
1866,1866_0,COMPLETED,SOBOL,0.320000000000000006661338147751,125.000000000000000000000000000000,0.000000000000000000000000000000,4363,2374,463,211,86
1867,1867_0,ABANDONED,SOBOL,,,,783,3248,957,126,136
1868,1868_0,ABANDONED,SOBOL,,,,419,1661,532,91,170
1869,1869_0,COMPLETED,SOBOL,0.320000000000000006661338147751,45.000000000000000000000000000000,0.000000000000000000000000000000,3710,677,775,14,6
1870,1870_0,ABANDONED,SOBOL,,,,1460,4950,270,163,212
1871,1871_0,COMPLETED,SOBOL,0.340000000000000024424906541753,127.000000000000000000000000000000,0.020000000000000000416333634234,1701,2152,853,221,56
1872,1872_0,ABANDONED,SOBOL,,,,3132,3475,348,73,225
1873,1873_0,COMPLETED,SOBOL,0.320000000000000006661338147751,36.000000000000000000000000000000,0.000000000000000000000000000000,4992,499,610,173,141
1874,1874_0,ABANDONED,SOBOL,,,,172,3873,101,26,76
1875,1875_0,ABANDONED,SOBOL,,,,1050,1036,417,59,105
1876,1876_0,ABANDONED,SOBOL,,,,3808,4587,910,145,180
1877,1877_0,COMPLETED,SOBOL,0.320000000000000006661338147751,154.000000000000000000000000000000,0.050000000000000002775557561563,2079,3075,663,191,31
1878,1878_0,ABANDONED,SOBOL,,,,2177,1099,978,159,160
1879,1879_0,ABANDONED,SOBOL,,,,2974,4523,472,10,124
1880,1880_0,COMPLETED,SOBOL,0.349999999999999977795539507497,92.000000000000000000000000000000,0.149999999999999994448884876874,3906,1561,734,235,12
1881,1881_0,ABANDONED,SOBOL,,,,950,2816,225,87,210
1882,1882_0,ABANDONED,SOBOL,,,,271,1942,290,122,236
1883,1883_0,COMPLETED,SOBOL,0.429999999999999993338661852249,202.000000000000000000000000000000,0.220000000000000001110223024625,4894,3686,784,207,44
1884,1884_0,ABANDONED,SOBOL,,,,1604,3966,537,128,130
1885,1885_0,ABANDONED,SOBOL,,,,3613,2648,584,109,182
1886,1886_0,ABANDONED,SOBOL,,,,4517,936,337,149,201
1887,1887_0,COMPLETED,SOBOL,0.270000000000000017763568394003,256.000000000000000000000000000000,0.000000000000000000000000000000,322,4691,831,63,17
1888,1888_0,ABANDONED,SOBOL,,,,881,67,656,29,53
1889,1889_0,ABANDONED,SOBOL,,,,2609,2281,899,77,156
1890,1890_0,COMPLETED,SOBOL,0.320000000000000006661338147751,184.000000000000000000000000000000,0.179999999999999993338661852249,2244,3341,394,224,66
1891,1891_0,ABANDONED,SOBOL,,,,2469,2443,623,39,216
1892,1892_0,COMPLETED,SOBOL,0.569999999999999951150186916493,237.000000000000000000000000000000,0.920000000000000039968028886506,2680,3180,118,141,2
1893,1893_0,COMPLETED,SOBOL,0.320000000000000006661338147751,22.000000000000000000000000000000,0.000000000000000000000000000000,4199,209,870,116,114
1894,1894_0,COMPLETED,SOBOL,0.320000000000000006661338147751,213.000000000000000000000000000000,0.010000000000000000208166817117,658,4168,361,218,166
1895,1895_0,COMPLETED,SOBOL,0.359999999999999986677323704498,53.000000000000000000000000000000,0.059999999999999997779553950750,564,746,186,248,140
1896,1896_0,COMPLETED,SOBOL,0.309999999999999997779553950750,282.000000000000000000000000000000,0.059999999999999997779553950750,4600,4881,679,85,82
1897,1897_0,COMPLETED,SOBOL,0.330000000000000015543122344752,93.000000000000000000000000000000,0.040000000000000000832667268469,3522,1593,433,169,38
1898,1898_0,ABANDONED,SOBOL,,,,1311,2779,923,6,246
1899,1899_0,COMPLETED,SOBOL,0.320000000000000006661338147751,39.000000000000000000000000000000,0.000000000000000000000000000000,1849,568,448,64,27
1900,1900_0,COMPLETED,SOBOL,0.320000000000000006661338147751,202.000000000000000000000000000000,0.040000000000000000832667268469,3321,3805,938,228,195
1901,1901_0,ABANDONED,SOBOL,,,,4809,2084,201,18,176
1902,1902_0,COMPLETED,SOBOL,0.320000000000000006661338147751,190.000000000000000000000000000000,0.000000000000000000000000000000,28,3543,695,182,108
1903,1903_0,COMPLETED,SOBOL,0.320000000000000006661338147751,81.000000000000000000000000000000,0.000000000000000000000000000000,1174,1371,761,151,72
1904,1904_0,ABANDONED,SOBOL,,,,3971,3006,251,51,146
1905,1905_0,ABANDONED,SOBOL,,,,2901,968,513,199,221
1906,1906_0,ABANDONED,SOBOL,,,,1932,2243,781,216,239
1907,1907_0,COMPLETED,SOBOL,0.299999999999999988897769753748,204.000000000000000000000000000000,0.040000000000000000832667268469,2925,3382,272,115,41
1908,1908_0,COMPLETED,SOBOL,0.510000000000000008881784197001,42.000000000000000000000000000000,0.589999999999999968913755310496,3955,107,526,139,91
1909,1909_0,ABANDONED,SOBOL,,,,7,820,469,8,163
1910,1910_0,COMPLETED,SOBOL,0.320000000000000006661338147751,254.000000000000000000000000000000,0.059999999999999997779553950750,4825,4810,959,171,121
1911,1911_0,COMPLETED,SOBOL,0.320000000000000006661338147751,103.000000000000000000000000000000,0.000000000000000000000000000000,3297,1843,214,87,15
1912,1912_0,COMPLETED,SOBOL,0.320000000000000006661338147751,142.000000000000000000000000000000,0.000000000000000000000000000000,1868,2532,708,250,207
1913,1913_0,COMPLETED,SOBOL,0.469999999999999973354647408996,53.000000000000000000000000000000,0.299999999999999988897769753748,1293,368,167,184,51
1914,1914_0,ABANDONED,SOBOL,,,,3545,4007,661,20,233
1915,1915_0,COMPLETED,SOBOL,0.320000000000000006661338147751,109.000000000000000000000000000000,0.000000000000000000000000000000,4585,1982,422,230,152
1916,1916_0,ABANDONED,SOBOL,,,,584,3648,912,66,69
1917,1917_0,COMPLETED,SOBOL,0.320000000000000006661338147751,83.000000000000000000000000000000,0.000000000000000000000000000000,638,1445,604,97,96
1918,1918_0,ABANDONED,SOBOL,,,,2657,1218,859,49,197
1919,1919_0,COMPLETED,SOBOL,0.320000000000000006661338147751,232.000000000000000000000000000000,0.029999999999999998889776975375,2487,4407,350,150,21
1920,1920_0,ABANDONED,SOBOL,,,,2265,1087,637,89,137
1921,1921_0,COMPLETED,SOBOL,0.309999999999999997779553950750,246.000000000000000000000000000000,0.059999999999999997779553950750,2593,4538,128,238,85
1922,1922_0,ABANDONED,SOBOL,,,,4286,1255,888,12,35
1923,1923_0,ABANDONED,SOBOL,,,,863,3125,383,161,249
1924,1924_0,COMPLETED,SOBOL,0.330000000000000015543122344752,202.000000000000000000000000000000,0.040000000000000000832667268469,4494,3505,565,41,5
1925,1925_0,COMPLETED,SOBOL,0.340000000000000024424906541753,49.000000000000000000000000000000,0.230000000000000009992007221626,3629,530,327,205,111
1926,1926_0,ABANDONED,SOBOL,,,,1535,3845,820,120,169
1927,1927_0,ABANDONED,SOBOL,,,,1624,1711,311,61,76
1928,1928_0,COMPLETED,SOBOL,0.320000000000000006661338147751,140.000000000000000000000000000000,0.000000000000000000000000000000,3212,2663,804,147,142
1929,1929_0,COMPLETED,SOBOL,0.299999999999999988897769753748,267.000000000000000000000000000000,0.000000000000000000000000000000,253,4999,550,193,57
1930,1930_0,COMPLETED,SOBOL,0.520000000000000017763568394003,59.000000000000000000000000000000,0.369999999999999995559107901499,969,249,998,226,31
1931,1931_0,ABANDONED,SOBOL,,,,3883,4131,493,79,191
1932,1932_0,COMPLETED,SOBOL,0.320000000000000006661338147751,129.000000000000000000000000000000,0.000000000000000000000000000000,2990,2405,747,179,178
1933,1933_0,ABANDONED,SOBOL,,,,2156,3220,237,31,106
1934,1934_0,ABANDONED,SOBOL,,,,2096,39,435,124,211
1935,1935_0,COMPLETED,SOBOL,0.429999999999999993338661852249,246.000000000000000000000000000000,0.270000000000000017763568394003,3049,4340,929,209,11
1936,1936_0,ABANDONED,SOBOL,,,,3826,2312,184,45,125
1937,1937_0,ABANDONED,SOBOL,,,,1027,3312,673,130,159
1938,1938_0,COMPLETED,SOBOL,0.320000000000000006661338147751,96.000000000000000000000000000000,0.000000000000000000000000000000,195,1775,872,165,131
1939,1939_0,ABANDONED,SOBOL,,,,4974,2600,366,17,87
1940,1940_0,COMPLETED,SOBOL,0.429999999999999993338661852249,70.000000000000000000000000000000,0.349999999999999977795539507497,3154,889,621,242,45
1941,1941_0,COMPLETED,SOBOL,0.320000000000000006661338147751,101.000000000000000000000000000000,0.000000000000000000000000000000,1476,1914,511,28,16
1942,1942_0,ABANDONED,SOBOL,,,,4436,437,763,75,181
1943,1943_0,COMPLETED,SOBOL,0.309999999999999997779553950750,192.000000000000000000000000000000,0.010000000000000000208166817117,397,3937,257,223,100
1944,1944_0,COMPLETED,SOBOL,0.320000000000000006661338147751,67.000000000000000000000000000000,0.000000000000000000000000000000,806,1150,199,189,65
1945,1945_0,ABANDONED,SOBOL,,,,4345,4475,689,103,156
1946,1946_0,ABANDONED,SOBOL,,,,2532,1514,450,143,230
1947,1947_0,COMPLETED,SOBOL,0.309999999999999997779553950750,145.000000000000000000000000000000,0.029999999999999998889776975375,2324,2866,944,57,54
1948,1948_0,ABANDONED,SOBOL,,,,2756,3038,535,83,116
1949,1949_0,COMPLETED,SOBOL,0.619999999999999995559107901499,383.000000000000000000000000000000,1.000000000000000000000000000000,4118,998,296,167,1
1950,1950_0,ABANDONED,SOBOL,,,,733,4627,786,4,216
1951,1951_0,ABANDONED,SOBOL,,,,489,617,728,34,245
1952,1952_0,COMPLETED,SOBOL,0.320000000000000006661338147751,211.000000000000000000000000000000,0.050000000000000002775557561563,4681,3757,223,136,40
1953,1953_0,COMPLETED,SOBOL,0.320000000000000006661338147751,126.000000000000000000000000000000,0.000000000000000000000000000000,3446,2036,983,111,81
1954,1954_0,COMPLETED,SOBOL,0.299999999999999988897769753748,201.000000000000000000000000000000,0.020000000000000000416333634234,1391,3594,474,212,140
1955,1955_0,COMPLETED,SOBOL,0.320000000000000006661338147751,49.000000000000000000000000000000,0.000000000000000000000000000000,1768,718,905,154,109
1956,1956_0,ABANDONED,SOBOL,,,,3396,4912,396,53,175
1957,1957_0,COMPLETED,SOBOL,0.320000000000000006661338147751,93.000000000000000000000000000000,0.000000000000000000000000000000,4729,1623,650,201,196
1958,1958_0,COMPLETED,SOBOL,0.320000000000000006661338147751,164.000000000000000000000000000000,0.000000000000000000000000000000,104,2752,145,101,26
1959,1959_0,COMPLETED,SOBOL,0.320000000000000006661338147751,138.000000000000000000000000000000,0.000000000000000000000000000000,1098,2492,343,70,60
1960,1960_0,COMPLETED,SOBOL,0.340000000000000024424906541753,164.000000000000000000000000000000,0.040000000000000000832667268469,4051,3132,833,234,220
1961,1961_0,COMPLETED,SOBOL,0.309999999999999997779553950750,221.000000000000000000000000000000,0.029999999999999998889776975375,2031,4219,582,188,71
1962,1962_0,COMPLETED,SOBOL,0.320000000000000006661338147751,54.000000000000000000000000000000,0.000000000000000000000000000000,1985,903,106,56,10
1963,1963_0,ABANDONED,SOBOL,,,,2868,4726,597,156,208
1964,1964_0,ABANDONED,SOBOL,,,,4005,1751,358,101,158
1965,1965_0,COMPLETED,SOBOL,0.320000000000000006661338147751,145.000000000000000000000000000000,0.000000000000000000000000000000,1140,2624,851,202,122
1966,1966_0,COMPLETED,SOBOL,0.320000000000000006661338147751,127.000000000000000000000000000000,0.000000000000000000000000000000,141,2288,669,233,90
1967,1967_0,ABANDONED,SOBOL,,,,4698,3337,159,69,132
1968,1968_0,ABANDONED,SOBOL,,,,3432,54,920,185,238
1969,1969_0,ABANDONED,SOBOL,,,,1737,4326,415,21,46
1970,1970_0,ABANDONED,SOBOL,,,,1355,1528,967,80,202
1971,1971_0,COMPLETED,SOBOL,0.429999999999999993338661852249,166.000000000000000000000000000000,0.170000000000000012212453270877,3477,2851,461,243,19
1972,1972_0,ABANDONED,SOBOL,,,,4645,1126,716,3,100
1973,1973_0,ABANDONED,SOBOL,,,,520,4499,206,166,184
1974,1974_0,ABANDONED,SOBOL,,,,780,413,280,136,154
1975,1975_0,ABANDONED,SOBOL,,,,4077,3962,773,35,64
1976,1976_0,ABANDONED,SOBOL,,,,2348,3701,518,113,229
1977,1977_0,COMPLETED,SOBOL,0.320000000000000006661338147751,115.000000000000000000000000000000,0.000000000000000000000000000000,2277,2099,500,174,117
1978,1978_0,ABANDONED,SOBOL,,,,2574,3531,990,26,168
1979,1979_0,COMPLETED,SOBOL,0.320000000000000006661338147751,42.000000000000000000000000000000,0.000000000000000000000000000000,4298,564,245,219,217
1980,1980_0,COMPLETED,SOBOL,0.280000000000000026645352591004,194.000000000000000000000000000000,0.020000000000000000416333634234,848,3811,739,72,4
1981,1981_0,COMPLETED,SOBOL,0.320000000000000006661338147751,63.000000000000000000000000000000,0.000000000000000000000000000000,433,944,812,106,37
1982,1982_0,ABANDONED,SOBOL,,,,4404,4680,303,192,244
1983,1983_0,ABANDONED,SOBOL,,,,3726,1406,558,58,137
1984,1984_0,COMPLETED,SOBOL,0.390000000000000013322676295502,30.000000000000000000000000000000,0.059999999999999997779553950750,1648,224,573,210,174
1985,1985_0,COMPLETED,SOBOL,0.380000000000000004440892098501,135.000000000000000000000000000000,0.029999999999999998889776975375,4937,2439,828,133,25
1986,1986_0,ABANDONED,SOBOL,,,,226,3186,319,48,193
1987,1987_0,COMPLETED,SOBOL,0.359999999999999986677323704498,198.000000000000000000000000000000,0.040000000000000000832667268469,3784,2805,630,162,61
1988,1988_0,COMPLETED,SOBOL,0.320000000000000006661338147751,49.000000000000000000000000000000,0.000000000000000000000000000000,3096,781,391,92,74
1989,1989_0,COMPLETED,SOBOL,0.289999999999999980015985556747,295.000000000000000000000000000000,0.029999999999999998889776975375,2054,4849,881,240,148
1990,1990_0,COMPLETED,SOBOL,0.320000000000000006661338147751,99.000000000000000000000000000000,0.000000000000000000000000000000,2115,1819,697,148,42
1991,1991_0,COMPLETED,SOBOL,0.320000000000000006661338147751,53.000000000000000000000000000000,0.050000000000000002775557561563,3841,835,952,196,128
1992,1992_0,COMPLETED,SOBOL,0.289999999999999980015985556747,292.000000000000000000000000000000,0.010000000000000000208166817117,1015,4795,443,110,94
1993,1993_0,COMPLETED,SOBOL,0.309999999999999997779553950750,298.000000000000000000000000000000,0.059999999999999997779553950750,4881,4258,504,224,162
1994,1994_0,ABANDONED,SOBOL,,,,3244,2219,265,31,205
1995,1995_0,COMPLETED,SOBOL,0.400000000000000022204460492503,233.000000000000000000000000000000,0.130000000000000004440892098501,1587,3406,755,178,13
1996,1996_0,COMPLETED,SOBOL,0.320000000000000006661338147751,70.000000000000000000000000000000,0.000000000000000000000000000000,1503,1194,374,237,232
1997,1997_0,COMPLETED,SOBOL,0.320000000000000006661338147751,269.000000000000000000000000000000,0.050000000000000002775557561563,3666,4432,864,88,48
1998,1998_0,COMPLETED,SOBOL,0.320000000000000006661338147751,79.000000000000000000000000000000,0.000000000000000000000000000000,4462,1460,119,158,68
1999,1999_0,ABANDONED,SOBOL,,,,376,2920,613,10,149
2000,2000_0,ABANDONED,SOBOL,,,,904,1996,937,44,187
2001,2001_0,COMPLETED,SOBOL,0.340000000000000024424906541753,252.000000000000000000000000000000,0.050000000000000002775557561563,4240,3633,427,129,97
2002,2002_0,COMPLETED,SOBOL,0.369999999999999995559107901499,39.000000000000000000000000000000,0.349999999999999977795539507497,2634,344,681,121,24
2003,2003_0,ABANDONED,SOBOL,,,,2446,476,841,17,84
2004,2004_0,COMPLETED,SOBOL,0.320000000000000006661338147751,197.000000000000000000000000000000,0.029999999999999998889776975375,2703,3898,335,181,134
2005,2005_0,ABANDONED,SOBOL,,,,4174,2188,589,65,248
2006,2006_0,COMPLETED,SOBOL,0.359999999999999986677323704498,186.000000000000000000000000000000,0.089999999999999996669330926125,684,3442,80,229,32
2007,2007_0,COMPLETED,SOBOL,0.340000000000000024424906541753,87.000000000000000000000000000000,0.080000000000000001665334536938,616,1319,404,198,7
2008,2008_0,ABANDONED,SOBOL,,,,4548,3061,897,98,214
2009,2009_0,ABANDONED,SOBOL,,,,1256,4592,642,52,112
2010,2010_0,ABANDONED,SOBOL,,,,1836,2351,231,118,144
2011,2011_0,COMPLETED,SOBOL,0.320000000000000006661338147751,197.000000000000000000000000000000,0.089999999999999996669330926125,3334,3273,720,219,78
2012,2012_0,ABANDONED,SOBOL,,,,4793,312,482,39,58
2013,2013_0,ABANDONED,SOBOL,,,,44,4067,976,140,226
2014,2014_0,ABANDONED,SOBOL,,,,1236,694,542,170,188
2015,2015_0,ABANDONED,SOBOL,,,,3909,4936,34,7,30
2016,2016_0,COMPLETED,SOBOL,0.330000000000000015543122344752,90.000000000000000000000000000000,0.070000000000000006661338147751,2966,1658,794,247,103
2017,2017_0,ABANDONED,SOBOL,,,,1886,2717,289,84,177
2018,2018_0,COMPLETED,SOBOL,0.320000000000000006661338147751,150.000000000000000000000000000000,0.000000000000000000000000000000,2957,2725,699,30,15
2019,2019_0,COMPLETED,SOBOL,0.340000000000000024424906541753,55.000000000000000000000000000000,0.200000000000000011102230246252,3920,702,445,224,122
2020,2020_0,ABANDONED,SOBOL,,,,1250,4925,950,75,163
2021,2021_0,ABANDONED,SOBOL,,,,50,302,502,110,126
2022,2022_0,COMPLETED,SOBOL,0.320000000000000006661338147751,137.000000000000000000000000000000,0.000000000000000000000000000000,3323,2360,757,62,41
2023,2023_0,ABANDONED,SOBOL,,,,1823,3263,263,147,239
2024,2024_0,COMPLETED,SOBOL,0.349999999999999977795539507497,75.000000000000000000000000000000,0.100000000000000005551115123126,1270,1022,866,206,20
2025,2025_0,ABANDONED,SOBOL,,,,3588,4600,373,120,198
2026,2026_0,ABANDONED,SOBOL,,,,4539,1327,611,129,185
2027,2027_0,ABANDONED,SOBOL,,,,610,3050,121,43,95
2028,2028_0,ABANDONED,SOBOL,,,,671,2177,429,10,69
2029,2029_0,COMPLETED,SOBOL,0.320000000000000006661338147751,239.000000000000000000000000000000,0.040000000000000000832667268469,4163,3451,934,157,153
2030,2030_0,COMPLETED,SOBOL,0.330000000000000015543122344752,235.000000000000000000000000000000,0.200000000000000011102230246252,2452,3888,683,236,51
2031,2031_0,ABANDONED,SOBOL,,,,2212,333,334,51,169
2032,2032_0,COMPLETED,SOBOL,0.320000000000000006661338147751,240.000000000000000000000000000000,0.029999999999999998889776975375,2626,4040,842,153,111
2033,2033_0,COMPLETED,SOBOL,0.429999999999999993338661852249,142.000000000000000000000000000000,0.369999999999999995559107901499,4251,2005,82,97,5
2034,2034_0,ABANDONED,SOBOL,,,,918,3622,588,198,213
2035,2035_0,ABANDONED,SOBOL,,,,382,1448,895,228,249
2036,2036_0,COMPLETED,SOBOL,0.349999999999999977795539507497,194.000000000000000000000000000000,0.040000000000000000832667268469,4471,2929,406,65,35
2037,2037_0,COMPLETED,SOBOL,0.320000000000000006661338147751,70.000000000000000000000000000000,0.000000000000000000000000000000,3654,1202,644,181,85
2038,2038_0,ABANDONED,SOBOL,,,,1490,4420,150,18,137
2039,2039_0,ABANDONED,SOBOL,,,,1601,2208,722,83,105
2040,2040_0,COMPLETED,SOBOL,0.299999999999999988897769753748,178.000000000000000000000000000000,0.040000000000000000832667268469,3255,3415,228,247,179
2041,2041_0,ABANDONED,SOBOL,,,,4872,130,973,6,192
2042,2042_0,COMPLETED,SOBOL,0.299999999999999988897769753748,234.000000000000000000000000000000,0.010000000000000000208166817117,278,4247,484,170,30
2043,2043_0,ABANDONED,SOBOL,,,,3830,4803,541,39,224
2044,2044_0,COMPLETED,SOBOL,0.320000000000000006661338147751,106.000000000000000000000000000000,0.000000000000000000000000000000,3045,1827,287,218,143
2045,2045_0,COMPLETED,SOBOL,0.320000000000000006661338147751,147.000000000000000000000000000000,0.000000000000000000000000000000,2120,2545,796,118,75
2046,2046_0,ABANDONED,SOBOL,,,,2063,770,598,22,236
2047,2047_0,COMPLETED,SOBOL,0.299999999999999988897769753748,275.000000000000000000000000000000,0.040000000000000000832667268469,3101,4858,105,185,45
2048,2048_0,ABANDONED,SOBOL,,,,3771,1578,850,69,87
2049,2049_0,COMPLETED,SOBOL,0.309999999999999997779553950750,164.000000000000000000000000000000,0.010000000000000000208166817117,1062,2794,360,232,131
2050,2050_0,COMPLETED,SOBOL,0.320000000000000006661338147751,139.000000000000000000000000000000,0.000000000000000000000000000000,218,2427,161,203,159
2051,2051_0,ABANDONED,SOBOL,,,,4931,3195,667,101,125
2052,2052_0,COMPLETED,SOBOL,0.540000000000000035527136788005,78.000000000000000000000000000000,0.790000000000000035527136788005,3198,233,412,157,10
2053,2053_0,ABANDONED,SOBOL,,,,1659,4144,922,55,211
2054,2054_0,COMPLETED,SOBOL,0.320000000000000006661338147751,80.000000000000000000000000000000,0.000000000000000000000000000000,1433,1395,459,114,55
2055,2055_0,ABANDONED,SOBOL,,,,3713,2982,969,215,229
2056,2056_0,ABANDONED,SOBOL,,,,4410,953,208,35,156
2057,2057_0,COMPLETED,SOBOL,0.299999999999999988897769753748,270.000000000000000000000000000000,0.010000000000000000208166817117,442,4670,713,136,66
2058,2058_0,COMPLETED,SOBOL,0.289999999999999980015985556747,44.000000000000000000000000000000,0.010000000000000000208166817117,858,553,772,167,100
2059,2059_0,ABANDONED,SOBOL,,,,4312,3819,282,3,180
2060,2060_0,COMPLETED,SOBOL,0.320000000000000006661338147751,117.000000000000000000000000000000,0.000000000000000000000000000000,2568,2107,520,244,201
2061,2061_0,COMPLETED,SOBOL,0.320000000000000006661338147751,193.000000000000000000000000000000,0.029999999999999998889776975375,2269,3519,27,80,17
2062,2062_0,COMPLETED,SOBOL,0.320000000000000006661338147751,110.000000000000000000000000000000,0.000000000000000000000000000000,2356,1918,992,144,141
2063,2063_0,ABANDONED,SOBOL,,,,2809,3709,498,59,81
2064,2064_0,COMPLETED,SOBOL,0.530000000000000026645352591004,71.000000000000000000000000000000,0.640000000000000013322676295502,4064,421,737,191,39
2065,2065_0,ABANDONED,SOBOL,,,,769,3951,247,106,245
2066,2066_0,ABANDONED,SOBOL,,,,512,1115,305,72,217
2067,2067_0,COMPLETED,SOBOL,0.609999999999999986677323704498,452.000000000000000000000000000000,0.989999999999999991118215802999,4639,4508,811,220,1
2068,2068_0,COMPLETED,SOBOL,0.320000000000000006661338147751,149.000000000000000000000000000000,0.000000000000000000000000000000,1365,2840,559,175,165
2069,2069_0,ABANDONED,SOBOL,,,,3419,4334,575,93,146
2070,2070_0,ABANDONED,SOBOL,,,,4703,2296,321,161,220
2071,2071_0,ABANDONED,SOBOL,,,,149,3326,826,14,61
2072,2072_0,COMPLETED,SOBOL,0.320000000000000006661338147751,98.000000000000000000000000000000,0.000000000000000000000000000000,1150,1740,627,48,27
2073,2073_0,ABANDONED,SOBOL,,,,2861,912,883,124,175
2074,2074_0,COMPLETED,SOBOL,0.299999999999999988897769753748,245.000000000000000000000000000000,0.020000000000000000416333634234,1977,4715,389,210,110
2075,2075_0,COMPLETED,SOBOL,0.309999999999999997779553950750,26.000000000000000000000000000000,0.450000000000000011102230246252,2018,170,927,94,46
2076,2076_0,COMPLETED,SOBOL,0.299999999999999988897769753748,238.000000000000000000000000000000,0.040000000000000000832667268469,2815,4208,437,241,239
2077,2077_0,ABANDONED,SOBOL,,,,4059,2481,676,17,132
2078,2078_0,COMPLETED,SOBOL,0.299999999999999988897769753748,206.000000000000000000000000000000,0.010000000000000000208166817117,1104,3141,182,164,89
2079,2079_0,COMPLETED,SOBOL,0.320000000000000006661338147751,91.000000000000000000000000000000,0.000000000000000000000000000000,117,1632,365,131,122
2080,2080_0,ABANDONED,SOBOL,,,,4740,2740,874,45,159
2081,2081_0,COMPLETED,SOBOL,0.309999999999999997779553950750,270.000000000000000000000000000000,0.020000000000000000416333634234,1763,4921,619,123,9
2082,2082_0,COMPLETED,SOBOL,0.299999999999999988897769753748,194.000000000000000000000000000000,0.040000000000000000832667268469,3454,3583,510,143,52
2083,2083_0,COMPLETED,SOBOL,0.320000000000000006661338147751,42.000000000000000000000000000000,0.000000000000000000000000000000,4671,606,256,103,65
2084,2084_0,COMPLETED,SOBOL,0.320000000000000006661338147751,196.000000000000000000000000000000,0.010000000000000000208166817117,475,3766,765,188,153
2085,2085_0,COMPLETED,SOBOL,0.320000000000000006661338147751,61.000000000000000000000000000000,0.000000000000000000000000000000,727,1006,691,223,183
2086,2086_0,ABANDONED,SOBOL,,,,4110,4616,197,75,101
2087,2087_0,COMPLETED,SOBOL,0.309999999999999997779553950750,78.000000000000000000000000000000,0.080000000000000001665334536938,2768,1331,942,175,20
2088,2088_0,ABANDONED,SOBOL,,,,2402,3046,453,27,202
2089,2089_0,COMPLETED,SOBOL,0.320000000000000006661338147751,88.000000000000000000000000000000,0.000000000000000000000000000000,2310,1522,533,212,80
2090,2090_0,ABANDONED,SOBOL,,,,4353,1139,788,135,244
2091,2091_0,ABANDONED,SOBOL,,,,812,4483,295,34,36
2092,2092_0,ABANDONED,SOBOL,,,,410,446,221,4,4
2093,2093_0,ABANDONED,SOBOL,,,,4447,3927,730,167,218
2094,2094_0,ABANDONED,SOBOL,,,,3681,1903,476,82,168
2095,2095_0,COMPLETED,SOBOL,0.299999999999999988897769753748,213.000000000000000000000000000000,0.020000000000000000416333634234,1470,3724,981,246,116
2096,2096_0,COMPLETED,SOBOL,0.320000000000000006661338147751,60.000000000000000000000000000000,0.000000000000000000000000000000,1691,897,398,187,147
2097,2097_0,ABANDONED,SOBOL,,,,3162,4730,903,25,74
2098,2098_0,COMPLETED,SOBOL,0.340000000000000024424906541753,108.000000000000000000000000000000,0.190000000000000002220446049250,4963,1764,143,233,62
2099,2099_0,ABANDONED,SOBOL,,,,181,2608,652,70,223
2100,2100_0,ABANDONED,SOBOL,,,,1021,2321,835,100,192
2101,2101_0,COMPLETED,SOBOL,0.440000000000000002220446049250,181.000000000000000000000000000000,0.280000000000000026645352591004,3817,3302,341,202,25
2102,2102_0,ABANDONED,SOBOL,,,,3060,28,580,52,107
2103,2103_0,COMPLETED,SOBOL,0.330000000000000015543122344752,157.000000000000000000000000000000,0.080000000000000001665334536938,2167,2413,274,250,14
2104,2104_0,ABANDONED,SOBOL,,,,3003,3209,779,87,204
2105,2105_0,ABANDONED,SOBOL,,,,960,4139,528,8,118
2106,2106_0,ABANDONED,SOBOL,,,,242,639,961,38,94
2107,2107_0,COMPLETED,SOBOL,0.299999999999999988897769753748,306.000000000000000000000000000000,0.059999999999999997779553950750,4903,4989,467,139,128
2108,2108_0,ABANDONED,SOBOL,,,,3219,1701,706,115,242
2109,2109_0,COMPLETED,SOBOL,0.380000000000000004440892098501,178.000000000000000000000000000000,0.040000000000000000832667268469,1633,2672,216,216,42
2110,2110_0,ABANDONED,SOBOL,,,,1526,538,659,150,199
2111,2111_0,COMPLETED,SOBOL,0.299999999999999988897769753748,229.000000000000000000000000000000,0.050000000000000002775557561563,3623,3834,169,49,23
2112,2112_0,COMPLETED,SOBOL,0.320000000000000006661338147751,129.000000000000000000000000000000,0.000000000000000000000000000000,4507,2113,914,198,96
2113,2113_0,ABANDONED,SOBOL,,,,351,3514,420,96,188
2114,2114_0,COMPLETED,SOBOL,0.390000000000000013322676295502,207.000000000000000000000000000000,0.149999999999999994448884876874,4293,3114,606,230,68
2115,2115_0,ABANDONED,SOBOL,,,,2579,1076,352,21,47
2116,2116_0,ABANDONED,SOBOL,,,,2254,4547,857,184,233
2117,2117_0,COMPLETED,SOBOL,0.320000000000000006661338147751,72.000000000000000000000000000000,0.000000000000000000000000000000,2499,1227,130,120,112
2118,2118_0,COMPLETED,SOBOL,0.299999999999999988897769753748,261.000000000000000000000000000000,0.029999999999999998889776975375,2670,4396,635,206,172
2119,2119_0,ABANDONED,SOBOL,,,,4209,1434,381,41,214
2120,2120_0,COMPLETED,SOBOL,0.299999999999999988897769753748,153.000000000000000000000000000000,0.010000000000000000208166817117,629,2944,891,127,8
2121,2121_0,COMPLETED,SOBOL,0.320000000000000006661338147751,123.000000000000000000000000000000,0.000000000000000000000000000000,573,1990,567,160,32
2122,2122_0,COMPLETED,SOBOL,0.369999999999999995559107901499,40.000000000000000000000000000000,0.289999999999999980015985556747,3551,357,818,237,134
2123,2123_0,COMPLETED,SOBOL,0.309999999999999997779553950750,221.000000000000000000000000000000,0.020000000000000000416333634234,1301,4015,329,90,84
2124,2124_0,ABANDONED,SOBOL,,,,1859,1851,803,31,178
2125,2125_0,COMPLETED,SOBOL,0.320000000000000006661338147751,141.000000000000000000000000000000,0.000000000000000000000000000000,3291,2521,313,179,102
2126,2126_0,COMPLETED,SOBOL,0.320000000000000006661338147751,51.000000000000000000000000000000,0.000000000000000000000000000000,4838,809,551,79,29
2127,2127_0,ABANDONED,SOBOL,,,,1204,115,490,193,227
2128,2128_0,COMPLETED,SOBOL,0.320000000000000006661338147751,283.000000000000000000000000000000,0.050000000000000002775557561563,3962,4262,1000,107,57
2129,2129_0,COMPLETED,SOBOL,0.320000000000000006661338147751,145.000000000000000000000000000000,0.000000000000000000000000000000,2911,2232,239,147,78
2130,2130_0,ABANDONED,SOBOL,,,,1921,3390,744,62,144
2131,2131_0,COMPLETED,SOBOL,0.320000000000000006661338147751,58.000000000000000000000000000000,0.000000000000000000000000000000,1942,960,470,129,89
2132,2132_0,ABANDONED,SOBOL,,,,2895,4665,979,43,133
2133,2133_0,COMPLETED,SOBOL,0.309999999999999997779553950750,158.000000000000000000000000000000,0.010000000000000000208166817117,1186,2998,732,121,47
2134,2134_0,COMPLETED,SOBOL,0.320000000000000006661338147751,137.000000000000000000000000000000,0.000000000000000000000000000000,36,2075,782,88,9
2135,2135_0,COMPLETED,SOBOL,0.340000000000000024424906541753,197.000000000000000000000000000000,0.050000000000000002775557561563,4815,3554,293,235,209
2136,2136_0,ABANDONED,SOBOL,,,,3307,579,539,11,157
2137,2137_0,COMPLETED,SOBOL,0.320000000000000006661338147751,104.000000000000000000000000000000,0.000000000000000000000000000000,1322,1585,586,225,154
2138,2138_0,COMPLETED,SOBOL,0.349999999999999977795539507497,158.000000000000000000000000000000,0.040000000000000000832667268469,3535,2790,92,77,64
2139,2139_0,COMPLETED,SOBOL,0.380000000000000004440892098501,63.000000000000000000000000000000,0.289999999999999980015985556747,4595,757,829,177,53
2140,2140_0,ABANDONED,SOBOL,,,,555,4873,339,29,228
2141,2141_0,COMPLETED,SOBOL,0.320000000000000006661338147751,228.000000000000000000000000000000,0.050000000000000002775557561563,4186,4179,654,149,19
2142,2142_0,COMPLETED,SOBOL,0.320000000000000006661338147751,143.000000000000000000000000000000,0.000000000000000000000000000000,2686,2454,392,109,102
2143,2143_0,COMPLETED,SOBOL,0.309999999999999997779553950750,164.000000000000000000000000000000,0.029999999999999998889776975375,2477,3171,901,194,182
2144,2144_0,ABANDONED,SOBOL,,,,2235,2272,115,6,37
2145,2145_0,ABANDONED,SOBOL,,,,2603,3352,625,170,243
2146,2146_0,ABANDONED,SOBOL,,,,4277,78,363,84,139
2147,2147_0,COMPLETED,SOBOL,0.419999999999999984456877655248,249.000000000000000000000000000000,0.059999999999999997779553950750,892,4302,868,248,79
2148,2148_0,COMPLETED,SOBOL,0.309999999999999997779553950750,58.000000000000000000000000000000,0.000000000000000000000000000000,330,927,677,218,117
2149,2149_0,ABANDONED,SOBOL,,,,4523,4703,188,117,167
2150,2150_0,ABANDONED,SOBOL,,,,3599,1736,924,141,219
2151,2151_0,COMPLETED,SOBOL,0.369999999999999995559107901499,168.000000000000000000000000000000,0.020000000000000000416333634234,1545,2639,431,40,3
2152,2152_0,ABANDONED,SOBOL,,,,1615,397,940,98,221
2153,2153_0,COMPLETED,SOBOL,0.309999999999999997779553950750,220.000000000000000000000000000000,0.040000000000000000832667268469,3242,3977,447,200,63
2154,2154_0,ABANDONED,SOBOL,,,,4888,1952,693,50,74
2155,2155_0,COMPLETED,SOBOL,0.320000000000000006661338147751,198.000000000000000000000000000000,0.000000000000000000000000000000,263,3677,203,152,148
2156,2156_0,COMPLETED,SOBOL,0.320000000000000006661338147751,89.000000000000000000000000000000,0.000000000000000000000000000000,940,1553,254,182,172
2157,2157_0,ABANDONED,SOBOL,,,,3892,2827,759,19,108
2158,2158_0,ABANDONED,SOBOL,,,,2185,4515,515,64,193
2159,2159_0,ABANDONED,SOBOL,,,,2086,1293,816,36,119
2160,2160_0,ABANDONED,SOBOL,,,,3078,3086,323,137,161
2161,2161_0,ABANDONED,SOBOL,,,,3797,1047,569,113,205
2162,2162_0,COMPLETED,SOBOL,0.380000000000000004440892098501,292.000000000000000000000000000000,0.059999999999999997779553950750,1036,4578,79,214,13
2163,2163_0,COMPLETED,SOBOL,0.380000000000000004440892098501,46.000000000000000000000000000000,0.070000000000000006661338147751,166,490,379,244,43
2164,2164_0,ABANDONED,SOBOL,,,,4983,3885,885,80,241
2165,2165_0,COMPLETED,SOBOL,0.320000000000000006661338147751,120.000000000000000000000000000000,0.000000000000000000000000000000,3144,2163,132,165,129
2166,2166_0,ABANDONED,SOBOL,,,,1714,3467,641,2,93
2167,2167_0,ABANDONED,SOBOL,,,,1446,668,241,68,187
2168,2168_0,COMPLETED,SOBOL,0.299999999999999988897769753748,301.000000000000000000000000000000,0.050000000000000002775557561563,3699,4961,751,231,98
2169,2169_0,ABANDONED,SOBOL,,,,4426,1672,488,22,22
2170,2170_0,ABANDONED,SOBOL,,,,426,2703,994,185,199
2171,2171_0,ABANDONED,SOBOL,,,,796,2366,553,156,232
2172,2172_0,COMPLETED,SOBOL,0.349999999999999977795539507497,212.000000000000000000000000000000,0.040000000000000000832667268469,4374,3260,64,54,49
2173,2173_0,COMPLETED,SOBOL,0.390000000000000013322676295502,39.000000000000000000000000000000,0.520000000000000017763568394003,2503,288,801,203,67
2174,2174_0,ABANDONED,SOBOL,,,,2334,4092,307,102,151
2175,2175_0,COMPLETED,SOBOL,0.500000000000000000000000000000,55.000000000000000000000000000000,0.829999999999999960031971113494,2419,147,711,162,7
2176,2176_0,ABANDONED,SOBOL,,,,2747,4233,218,15,214
2177,2177_0,COMPLETED,SOBOL,0.320000000000000006661338147751,120.000000000000000000000000000000,0.000000000000000000000000000000,4128,2205,955,239,171
2178,2178_0,ABANDONED,SOBOL,,,,704,3420,465,91,114
2179,2179_0,COMPLETED,SOBOL,0.320000000000000006661338147751,173.000000000000000000000000000000,0.000000000000000000000000000000,4652,2570,530,211,134
2180,2180_0,ABANDONED,SOBOL,,,,3475,859,268,46,247
2181,2181_0,COMPLETED,SOBOL,0.299999999999999988897769753748,302.000000000000000000000000000000,0.020000000000000000416333634234,1381,4770,778,132,34
2182,2182_0,ABANDONED,SOBOL,,,,1778,2022,346,190,190
2183,2183_0,COMPLETED,SOBOL,0.299999999999999988897769753748,239.000000000000000000000000000000,0.040000000000000000832667268469,3366,3608,855,105,28
2184,2184_0,ABANDONED,SOBOL,,,,94,4045,608,59,177
2185,2185_0,ABANDONED,SOBOL,,,,1128,1179,908,25,145
2186,2186_0,COMPLETED,SOBOL,0.309999999999999997779553950750,292.000000000000000000000000000000,0.050000000000000002775557561563,4042,4445,418,173,77
2187,2187_0,COMPLETED,SOBOL,0.320000000000000006661338147751,92.000000000000000000000000000000,0.000000000000000000000000000000,2836,1485,665,73,58
2188,2188_0,ABANDONED,SOBOL,,,,1956,2148,646,105,164
2189,2189_0,COMPLETED,SOBOL,0.320000000000000006661338147751,222.000000000000000000000000000000,0.040000000000000000832667268469,2877,3481,156,190,120
2190,2190_0,COMPLETED,SOBOL,0.330000000000000015543122344752,40.000000000000000000000000000000,0.050000000000000002775557561563,3995,515,893,57,16
2191,2191_0,ABANDONED,SOBOL,,,,1169,3860,400,142,206
2192,2192_0,ABANDONED,SOBOL,,,,4727,4554,594,28,40
2193,2193_0,COMPLETED,SOBOL,0.340000000000000024424906541753,78.000000000000000000000000000000,0.059999999999999997779553950750,3403,1279,332,222,92
2194,2194_0,ABANDONED,SOBOL,,,,1746,3101,837,74,126
2195,2195_0,ABANDONED,SOBOL,,,,1345,273,285,16,95
2196,2196_0,ABANDONED,SOBOL,,,,3507,4107,790,163,186
2197,2197_0,COMPLETED,SOBOL,0.309999999999999997779553950750,199.000000000000000000000000000000,0.059999999999999997779553950750,530,3235,547,242,21
2198,2198_0,COMPLETED,SOBOL,0.340000000000000024424906541753,99.000000000000000000000000000000,0.029999999999999998889776975375,750,1696,971,209,50
2199,2199_0,ABANDONED,SOBOL,,,,4086,2679,478,122,235
2200,2200_0,ABANDONED,SOBOL,,,,2793,654,724,132,152
2201,2201_0,ABANDONED,SOBOL,,,,2377,4976,234,46,70
2202,2202_0,COMPLETED,SOBOL,0.320000000000000006661338147751,52.000000000000000000000000000000,0.000000000000000000000000000000,2287,796,751,234,212
2203,2203_0,COMPLETED,SOBOL,0.289999999999999980015985556747,254.000000000000000000000000000000,0.029999999999999998889776975375,2545,4834,261,72,6
2204,2204_0,COMPLETED,SOBOL,0.320000000000000006661338147751,109.000000000000000000000000000000,0.000000000000000000000000000000,4328,1858,508,187,111
2205,2205_0,ABANDONED,SOBOL,,,,462,2258,439,53,135
2206,2206_0,COMPLETED,SOBOL,0.349999999999999977795539507497,228.000000000000000000000000000000,0.040000000000000000832667268469,4394,3366,948,155,86
2207,2207_0,COMPLETED,SOBOL,0.560000000000000053290705182008,66.000000000000000000000000000000,0.910000000000000031086244689504,3735,83,195,99,35
2208,2208_0,ABANDONED,SOBOL,,,,1415,4296,701,201,250
2209,2209_0,COMPLETED,SOBOL,0.320000000000000006661338147751,84.000000000000000000000000000000,0.000000000000000000000000000000,1678,1421,180,134,31
2210,2210_0,ABANDONED,SOBOL,,,,3175,2959,685,34,191
2211,2211_0,COMPLETED,SOBOL,0.320000000000000006661338147751,70.000000000000000000000000000000,0.000000000000000000000000000000,4947,1233,423,213,180
2212,2212_0,COMPLETED,SOBOL,0.299999999999999988897769753748,239.000000000000000000000000000000,0.000000000000000000000000000000,197,4392,932,112,104
2213,2213_0,COMPLETED,SOBOL,0.320000000000000006661338147751,31.000000000000000000000000000000,0.000000000000000000000000000000,1083,383,617,82,76
2214,2214_0,ABANDONED,SOBOL,,,,3125,1958,860,5,225
2215,2215_0,COMPLETED,SOBOL,0.320000000000000006661338147751,201.000000000000000000000000000000,0.029999999999999998889776975375,2044,3671,371,169,55
2216,2216_0,COMPLETED,SOBOL,0.309999999999999997779553950750,239.000000000000000000000000000000,0.040000000000000000832667268469,3026,3772,561,95,88
2217,2217_0,COMPLETED,SOBOL,0.320000000000000006661338147751,113.000000000000000000000000000000,0.000000000000000000000000000000,3851,2061,299,151,44
2218,2218_0,ABANDONED,SOBOL,,,,986,3569,809,49,237
2219,2219_0,ABANDONED,SOBOL,,,,295,1367,742,20,210
2220,2220_0,COMPLETED,SOBOL,0.409999999999999975575093458247,196.000000000000000000000000000000,0.100000000000000005551115123126,4851,3012,249,183,12
2221,2221_0,ABANDONED,SOBOL,,,,3274,984,986,67,124
2222,2222_0,COMPLETED,SOBOL,0.309999999999999997779553950750,274.000000000000000000000000000000,0.020000000000000000416333634234,1578,4640,496,230,160
2223,2223_0,COMPLETED,SOBOL,0.340000000000000024424906541753,159.000000000000000000000000000000,0.020000000000000000416333634234,1513,2479,877,172,66
2224,2224_0,ABANDONED,SOBOL,,,,3636,3147,387,9,155
2225,2225_0,COMPLETED,SOBOL,0.349999999999999977795539507497,26.000000000000000000000000000000,0.110000000000000000555111512313,4491,186,633,249,230
2226,2226_0,COMPLETED,SOBOL,0.309999999999999997779553950750,254.000000000000000000000000000000,0.000000000000000000000000000000,366,4194,140,85,54
2227,2227_0,COMPLETED,SOBOL,0.340000000000000024424906541753,56.000000000000000000000000000000,0.050000000000000002775557561563,933,742,315,116,18
2228,2228_0,COMPLETED,SOBOL,0.309999999999999997779553950750,273.000000000000000000000000000000,0.050000000000000002775557561563,4231,4887,824,217,200
2229,2229_0,COMPLETED,SOBOL,0.320000000000000006661338147751,175.000000000000000000000000000000,0.029999999999999998889776975375,2189,2766,577,138,99
2230,2230_0,ABANDONED,SOBOL,,,,2436,1789,410,78,246
2231,2231_0,COMPLETED,SOBOL,0.280000000000000026645352591004,159.000000000000000000000000000000,0.070000000000000006661338147751,2732,2585,916,226,38
2232,2232_0,ABANDONED,SOBOL,,,,4145,864,163,32,82
2233,2233_0,COMPLETED,SOBOL,0.309999999999999997779553950750,292.000000000000000000000000000000,0.010000000000000000208166817117,694,4766,672,180,140
2234,2234_0,ABANDONED,SOBOL,,,,587,15,848,146,166
2235,2235_0,ABANDONED,SOBOL,,,,4558,4365,354,61,114
2236,2236_0,COMPLETED,SOBOL,0.609999999999999986677323704498,263.000000000000000000000000000000,0.969999999999999973354647408996,3567,2326,600,193,2
2237,2237_0,ABANDONED,SOBOL,,,,1807,1164,522,42,60
2238,2238_0,ABANDONED,SOBOL,,,,4783,1489,770,118,145
2239,2239_0,COMPLETED,SOBOL,0.320000000000000006661338147751,171.000000000000000000000000000000,0.000000000000000000000000000000,73,2891,276,205,73
2240,2240_0,COMPLETED,SOBOL,0.320000000000000006661338147751,109.000000000000000000000000000000,0.000000000000000000000000000000,1227,1889,210,238,108
2241,2241_0,ABANDONED,SOBOL,,,,3938,3741,719,91,175
2242,2242_0,ABANDONED,SOBOL,,,,2937,451,457,159,194
2243,2243_0,ABANDONED,SOBOL,,,,1896,3924,963,12,28
2244,2244_0,ABANDONED,SOBOL,,,,1900,1882,403,45,48
2245,2245_0,ABANDONED,SOBOL,,,,2932,3743,893,131,232
2246,2246_0,ABANDONED,SOBOL,,,,3943,468,156,123,149
2247,2247_0,COMPLETED,SOBOL,0.309999999999999997779553950750,223.000000000000000000000000000000,0.020000000000000000416333634234,1222,3911,649,210,69
2248,2248_0,COMPLETED,SOBOL,0.320000000000000006661338147751,73.000000000000000000000000000000,0.000000000000000000000000000000,78,1162,840,241,97
2249,2249_0,ABANDONED,SOBOL,,,,4778,4468,330,94,187
2250,2250_0,ABANDONED,SOBOL,,,,3349,1501,592,164,198
2251,2251_0,ABANDONED,SOBOL,,,,1802,2874,87,17,24
2252,2252_0,ABANDONED,SOBOL,,,,1280,7,546,75,243
2253,2253_0,ABANDONED,SOBOL,,,,4553,2343,793,27,93
2254,2254_0,COMPLETED,SOBOL,0.309999999999999997779553950750,187.000000000000000000000000000000,0.010000000000000000208166817117,592,3286,283,176,128
2255,2255_0,ABANDONED,SOBOL,,,,689,1787,234,143,162
2256,2256_0,ABANDONED,SOBOL,,,,4150,2593,727,58,118
2257,2257_0,COMPLETED,SOBOL,0.349999999999999977795539507497,65.000000000000000000000000000000,0.309999999999999997779553950750,2728,876,481,189,13
2258,2258_0,ABANDONED,SOBOL,,,,2441,4749,971,104,204
2259,2259_0,ABANDONED,SOBOL,,,,2639,4899,506,4,143
2260,2260_0,COMPLETED,SOBOL,0.320000000000000006661338147751,101.000000000000000000000000000000,0.000000000000000000000000000000,4235,1616,260,247,226
2261,2261_0,COMPLETED,SOBOL,0.309999999999999997779553950750,173.000000000000000000000000000000,0.010000000000000000208166817117,928,2764,754,83,58
2262,2262_0,COMPLETED,SOBOL,0.299999999999999988897769753748,137.000000000000000000000000000000,0.010000000000000000208166817117,371,2466,704,111,30
2263,2263_0,COMPLETED,SOBOL,0.340000000000000024424906541753,191.000000000000000000000000000000,0.040000000000000000832667268469,4486,3163,194,212,188
2264,2264_0,ABANDONED,SOBOL,,,,3641,188,947,35,178
2265,2265_0,COMPLETED,SOBOL,0.299999999999999988897769753748,247.000000000000000000000000000000,0.020000000000000000416333634234,1508,4187,442,135,103
2266,2266_0,COMPLETED,SOBOL,0.320000000000000006661338147751,78.000000000000000000000000000000,0.000000000000000000000000000000,1573,1350,931,202,134
2267,2267_0,COMPLETED,SOBOL,0.320000000000000006661338147751,182.000000000000000000000000000000,0.040000000000000000832667268469,3278,3025,426,100,84
2268,2268_0,COMPLETED,SOBOL,0.320000000000000006661338147751,64.000000000000000000000000000000,0.059999999999999997779553950750,4846,992,688,154,32
2269,2269_0,ABANDONED,SOBOL,,,,981,591,369,25,214
2270,2270_0,COMPLETED,SOBOL,0.460000000000000019984014443253,238.000000000000000000000000000000,0.340000000000000024424906541753,3856,3789,863,188,8
2271,2271_0,ABANDONED,SOBOL,,,,3021,2063,126,71,112
2272,2272_0,COMPLETED,SOBOL,0.320000000000000006661338147751,179.000000000000000000000000000000,0.029999999999999998889776975375,2149,3561,616,233,172
2273,2273_0,COMPLETED,SOBOL,0.309999999999999997779553950750,35.000000000000000000000000000000,0.460000000000000019984014443253,2049,381,805,139,20
2274,2274_0,ABANDONED,SOBOL,,,,3120,3999,300,38,202
2275,2275_0,COMPLETED,SOBOL,0.320000000000000006661338147751,110.000000000000000000000000000000,0.000000000000000000000000000000,3760,1971,562,216,184
2276,2276_0,COMPLETED,SOBOL,0.320000000000000006661338147751,87.000000000000000000000000000000,0.000000000000000000000000000000,202,1414,494,86,64
2277,2277_0,COMPLETED,SOBOL,0.349999999999999977795539507497,163.000000000000000000000000000000,0.040000000000000000832667268469,4942,2961,987,250,154
2278,2278_0,ABANDONED,SOBOL,,,,3180,1250,250,8,229
2279,2279_0,COMPLETED,SOBOL,0.309999999999999997779553950750,234.000000000000000000000000000000,0.020000000000000000416333634234,1673,4379,740,171,51
2280,2280_0,COMPLETED,SOBOL,0.320000000000000006661338147751,169.000000000000000000000000000000,0.040000000000000000832667268469,3740,3374,631,66,10
2281,2281_0,COMPLETED,SOBOL,0.540000000000000035527136788005,40.000000000000000000000000000000,0.540000000000000035527136788005,4390,96,384,184,123
2282,2282_0,ABANDONED,SOBOL,,,,467,4279,878,21,158
2283,2283_0,ABANDONED,SOBOL,,,,833,789,578,48,131
2284,2284_0,COMPLETED,SOBOL,0.320000000000000006661338147751,102.000000000000000000000000000000,0.000000000000000000000000000000,2540,1875,821,96,46
2285,2285_0,ABANDONED,SOBOL,,,,2292,2504,316,198,238
2286,2286_0,ABANDONED,SOBOL,,,,2382,1684,670,13,106
2287,2287_0,ABANDONED,SOBOL,,,,4091,656,917,90,192
2288,2288_0,COMPLETED,SOBOL,0.380000000000000004440892098501,283.000000000000000000000000000000,0.050000000000000002775557561563,745,4968,408,237,25
2289,2289_0,COMPLETED,SOBOL,0.400000000000000022204460492503,39.000000000000000000000000000000,0.190000000000000002220446049250,535,256,108,205,62
2290,2290_0,ABANDONED,SOBOL,,,,4611,4119,601,119,223
2291,2291_0,ABANDONED,SOBOL,,,,3511,2397,355,127,148
2292,2292_0,ABANDONED,SOBOL,,,,1340,3233,844,41,74
2293,2293_0,ABANDONED,SOBOL,,,,1742,1059,277,107,168
2294,2294_0,COMPLETED,SOBOL,0.309999999999999997779553950750,232.000000000000000000000000000000,0.040000000000000000832667268469,3408,4570,766,192,116
2295,2295_0,COMPLETED,SOBOL,0.340000000000000024424906541753,83.000000000000000000000000000000,0.119999999999999995559107901499,4722,1281,29,61,4
2296,2296_0,ABANDONED,SOBOL,,,,136,3093,523,147,218
2297,2297_0,ABANDONED,SOBOL,,,,1164,2131,963,179,244
2298,2298_0,ABANDONED,SOBOL,,,,4000,3494,455,31,36
2299,2299_0,COMPLETED,SOBOL,0.440000000000000002220446049250,54.000000000000000000000000000000,0.500000000000000000000000000000,2873,522,716,227,80
2300,2300_0,ABANDONED,SOBOL,,,,1960,3858,211,79,138
2301,2301_0,ABANDONED,SOBOL,,,,1997,1187,735,195,202
2302,2302_0,COMPLETED,SOBOL,0.299999999999999988897769753748,242.000000000000000000000000000000,0.040000000000000000832667268469,2841,4443,226,110,16
2303,2303_0,COMPLETED,SOBOL,0.320000000000000006661338147751,81.000000000000000000000000000000,0.000000000000000000000000000000,4037,1468,978,148,99
2304,2304_0,ABANDONED,SOBOL,,,,1132,2907,473,63,181
2305,2305_0,COMPLETED,SOBOL,0.330000000000000015543122344752,209.000000000000000000000000000000,0.050000000000000002775557561563,4763,3601,538,178,65
2306,2306_0,COMPLETED,SOBOL,0.320000000000000006661338147751,28.000000000000000000000000000000,0.000000000000000000000000000000,3361,318,291,76,54
2307,2307_0,ABANDONED,SOBOL,,,,1783,4062,785,224,230
2308,2308_0,COMPLETED,SOBOL,0.330000000000000015543122344752,103.000000000000000000000000000000,0.040000000000000000832667268469,1386,1812,338,157,11
2309,2309_0,ABANDONED,SOBOL,,,,3470,2568,832,10,211
2310,2310_0,ABANDONED,SOBOL,,,,493,4782,585,89,125
2311,2311_0,COMPLETED,SOBOL,0.390000000000000013322676295502,30.000000000000000000000000000000,0.130000000000000004440892098501,709,149,900,121,87
2312,2312_0,COMPLETED,SOBOL,0.330000000000000015543122344752,263.000000000000000000000000000000,0.050000000000000002775557561563,4123,4225,395,207,131
2313,2313_0,ABANDONED,SOBOL,,,,2752,2192,657,44,235
2314,2314_0,COMPLETED,SOBOL,0.320000000000000006661338147751,194.000000000000000000000000000000,0.029999999999999998889776975375,2414,3437,148,130,45
2315,2315_0,ABANDONED,SOBOL,,,,2329,2382,871,65,175
2316,2316_0,COMPLETED,SOBOL,0.309999999999999997779553950750,186.000000000000000000000000000000,0.029999999999999998889776975375,2508,3247,362,228,109
2317,2317_0,ABANDONED,SOBOL,,,,4369,280,624,18,26
2318,2318_0,ABANDONED,SOBOL,,,,421,681,434,153,220
2319,2319_0,ABANDONED,SOBOL,,,,4431,4944,924,51,60
2320,2320_0,COMPLETED,SOBOL,0.340000000000000024424906541753,97.000000000000000000000000000000,0.050000000000000002775557561563,3694,1670,187,199,71
2321,2321_0,ABANDONED,SOBOL,,,,1451,2710,680,97,147
2322,2322_0,ABANDONED,SOBOL,,,,1719,507,202,39,115
2323,2323_0,ABANDONED,SOBOL,,,,3139,3872,696,140,165
2324,2324_0,ABANDONED,SOBOL,,,,4988,2155,449,118,217
2325,2325_0,COMPLETED,SOBOL,0.540000000000000035527136788005,221.000000000000000000000000000000,0.409999999999999975575093458247,161,3469,939,219,1
2326,2326_0,COMPLETED,SOBOL,0.349999999999999977795539507497,92.000000000000000000000000000000,0.070000000000000006661338147751,1041,1306,514,247,39
2327,2327_0,COMPLETED,SOBOL,0.320000000000000006661338147751,65.000000000000000000000000000000,0.000000000000000000000000000000,3083,1045,762,171,141
2328,2328_0,ABANDONED,SOBOL,,,,2081,4585,252,7,81
2329,2329_0,COMPLETED,SOBOL,0.330000000000000015543122344752,196.000000000000000000000000000000,0.070000000000000006661338147751,2985,2820,570,202,51
2330,2330_0,ABANDONED,SOBOL,,,,3887,1098,324,55,70
2331,2331_0,COMPLETED,SOBOL,0.309999999999999997779553950750,279.000000000000000000000000000000,0.010000000000000000208166817117,945,4531,813,157,152
2332,2332_0,ABANDONED,SOBOL,,,,258,405,638,184,184
2333,2333_0,ABANDONED,SOBOL,,,,4893,3975,133,21,96
2334,2334_0,COMPLETED,SOBOL,0.369999999999999995559107901499,132.000000000000000000000000000000,0.160000000000000003330669073875,3237,1936,886,232,21
2335,2335_0,ABANDONED,SOBOL,,,,1620,3689,376,69,197
2336,2336_0,ABANDONED,SOBOL,,,,1550,930,995,3,41
2337,2337_0,ABANDONED,SOBOL,,,,3594,4695,486,166,240
2338,2338_0,ABANDONED,SOBOL,,,,4528,1723,748,79,127
2339,2339_0,COMPLETED,SOBOL,0.299999999999999988897769753748,155.000000000000000000000000000000,0.010000000000000000208166817117,325,2656,242,243,90
2340,2340_0,COMPLETED,SOBOL,0.320000000000000006661338147751,119.000000000000000000000000000000,0.000000000000000000000000000000,897,2280,308,215,121
2341,2341_0,ABANDONED,SOBOL,,,,4272,3350,798,114,164
2342,2342_0,COMPLETED,SOBOL,0.309999999999999997779553950750,252.000000000000000000000000000000,0.029999999999999998889776975375,2230,4314,555,35,14
2343,2343_0,COMPLETED,SOBOL,0.340000000000000024424906541753,29.000000000000000000000000000000,0.289999999999999980015985556747,2472,213,462,220,142
2344,2344_0,ABANDONED,SOBOL,,,,2691,4162,956,72,75
2345,2345_0,COMPLETED,SOBOL,0.369999999999999995559107901499,133.000000000000000000000000000000,0.029999999999999998889776975375,4181,2452,219,174,57
2346,2346_0,ABANDONED,SOBOL,,,,652,3178,709,26,224
2347,2347_0,ABANDONED,SOBOL,,,,550,1602,774,58,191
2348,2348_0,COMPLETED,SOBOL,0.390000000000000013322676295502,182.000000000000000000000000000000,0.040000000000000000832667268469,4599,2778,269,144,30
2349,2349_0,ABANDONED,SOBOL,,,,3530,750,531,106,106
2350,2350_0,COMPLETED,SOBOL,0.320000000000000006661338147751,120.000000000000000000000000000000,0.000000000000000000000000000000,1844,2088,609,133,85
2351,2351_0,ABANDONED,SOBOL,,,,4820,576,852,210,249
2352,2352_0,COMPLETED,SOBOL,0.320000000000000006661338147751,220.000000000000000000000000000000,0.000000000000000000000000000000,31,3804,347,124,35
2353,2353_0,COMPLETED,SOBOL,0.369999999999999995559107901499,71.000000000000000000000000000000,0.089999999999999996669330926125,1190,977,172,92,5
2354,2354_0,COMPLETED,SOBOL,0.289999999999999980015985556747,259.000000000000000000000000000000,0.050000000000000002775557561563,3979,4653,662,240,213
2355,2355_0,ABANDONED,SOBOL,,,,2900,1374,416,14,169
2356,2356_0,COMPLETED,SOBOL,0.369999999999999995559107901499,202.000000000000000000000000000000,0.020000000000000000416333634234,1937,3000,909,161,111
2357,2357_0,ABANDONED,SOBOL,,,,1916,98,185,28,182
2358,2358_0,COMPLETED,SOBOL,0.340000000000000024424906541753,252.000000000000000000000000000000,0.040000000000000000832667268469,2916,4274,674,176,99
2359,2359_0,COMPLETED,SOBOL,0.320000000000000006661338147751,146.000000000000000000000000000000,0.000000000000000000000000000000,3957,2240,436,74,17
2360,2360_0,COMPLETED,SOBOL,0.299999999999999988897769753748,210.000000000000000000000000000000,0.020000000000000000416333634234,1209,3388,930,222,200
2361,2361_0,ABANDONED,SOBOL,,,,13,1839,622,189,231
2362,2362_0,COMPLETED,SOBOL,0.369999999999999995559107901499,151.000000000000000000000000000000,0.029999999999999998889776975375,4843,2538,112,104,54
2363,2363_0,COMPLETED,SOBOL,0.320000000000000006661338147751,52.000000000000000000000000000000,0.040000000000000000832667268469,3286,811,873,142,66
2364,2364_0,ABANDONED,SOBOL,,,,1864,4811,367,57,155
2365,2365_0,ABANDONED,SOBOL,,,,1306,1974,764,122,124
2366,2366_0,COMPLETED,SOBOL,0.309999999999999997779553950750,204.000000000000000000000000000000,0.040000000000000000832667268469,3547,3649,258,208,160
2367,2367_0,ABANDONED,SOBOL,,,,4576,365,512,46,210
2368,2368_0,COMPLETED,SOBOL,0.320000000000000006661338147751,72.000000000000000000000000000000,0.000000000000000000000000000000,634,1214,451,163,44
2369,2369_0,ABANDONED,SOBOL,,,,4204,4413,945,16,236
2370,2370_0,COMPLETED,SOBOL,0.320000000000000006661338147751,79.000000000000000000000000000000,0.000000000000000000000000000000,2675,1436,200,242,130
2371,2371_0,COMPLETED,SOBOL,0.299999999999999988897769753748,160.000000000000000000000000000000,0.029999999999999998889776975375,2494,2936,690,95,88
2372,2372_0,ABANDONED,SOBOL,,,,2249,1256,297,155,195
2373,2373_0,COMPLETED,SOBOL,0.309999999999999997779553950750,164.000000000000000000000000000000,0.029999999999999998889776975375,2584,3116,787,53,27
2374,2374_0,ABANDONED,SOBOL,,,,876,4534,536,99,176
2375,2375_0,ABANDONED,SOBOL,,,,346,536,984,71,146
2376,2376_0,COMPLETED,SOBOL,0.409999999999999975575093458247,212.000000000000000000000000000000,0.320000000000000006661338147751,4512,3841,475,234,72
2377,2377_0,ABANDONED,SOBOL,,,,3618,2126,729,24,59
2378,2378_0,ABANDONED,SOBOL,,,,1531,3497,224,186,221
2379,2379_0,COMPLETED,SOBOL,0.609999999999999986677323704498,338.000000000000000000000000000000,0.969999999999999973354647408996,1638,631,651,245,2
2380,2380_0,COMPLETED,SOBOL,0.320000000000000006661338147751,99.000000000000000000000000000000,0.000000000000000000000000000000,4908,1718,906,168,166
2381,2381_0,ABANDONED,SOBOL,,,,237,2659,397,5,115
2382,2382_0,ABANDONED,SOBOL,,,,965,2411,89,33,82
2383,2383_0,ABANDONED,SOBOL,,,,3872,3216,583,134,139
2384,2384_0,ABANDONED,SOBOL,,,,3008,251,344,112,246
2385,2385_0,COMPLETED,SOBOL,0.340000000000000024424906541753,232.000000000000000000000000000000,0.089999999999999996669330926125,2162,4122,834,213,38
2386,2386_0,COMPLETED,SOBOL,0.320000000000000006661338147751,126.000000000000000000000000000000,0.000000000000000000000000000000,2104,2308,525,183,151
2387,2387_0,COMPLETED,SOBOL,0.579999999999999960031971113494,77.000000000000000000000000000000,0.949999999999999955591079014994,3812,30,780,230,50
2388,2388_0,ABANDONED,SOBOL,,,,1026,4342,271,68,234
2389,2389_0,ABANDONED,SOBOL,,,,177,881,213,95,196
2390,2390_0,COMPLETED,SOBOL,0.330000000000000015543122344752,279.000000000000000000000000000000,0.119999999999999995559107901499,4968,4742,707,197,22
2391,2391_0,ABANDONED,SOBOL,,,,3157,1771,468,50,95
2392,2392_0,ABANDONED,SOBOL,,,,1696,2606,958,151,185
2393,2393_0,COMPLETED,SOBOL,0.469999999999999973354647408996,57.000000000000000000000000000000,0.299999999999999988897769753748,1475,433,421,217,92
2394,2394_0,ABANDONED,SOBOL,,,,3676,3944,911,116,126
2395,2395_0,ABANDONED,SOBOL,,,,405,3716,660,37,40
2396,2396_0,ABANDONED,SOBOL,,,,817,1505,858,9,16
2397,2397_0,ABANDONED,SOBOL,,,,4348,2867,349,173,206
2398,2398_0,ABANDONED,SOBOL,,,,2527,1147,603,86,164
2399,2399_0,ABANDONED,SOBOL,,,,2397,1004,887,61,224
2400,2400_0,COMPLETED,SOBOL,0.309999999999999997779553950750,278.000000000000000000000000000000,0.029999999999999998889776975375,2772,4623,382,146,56
2401,2401_0,COMPLETED,SOBOL,0.320000000000000006661338147751,82.000000000000000000000000000000,0.000000000000000000000000000000,4105,1344,636,108,77
2402,2402_0,COMPLETED,SOBOL,0.320000000000000006661338147751,115.000000000000000000000000000000,0.000000000000000000000000000000,470,2037,326,226,179
2403,2403_0,ABANDONED,SOBOL,,,,4676,3585,819,78,105
2404,2404_0,COMPLETED,SOBOL,0.450000000000000011102230246252,76.000000000000000000000000000000,0.589999999999999968913755310496,3449,623,74,180,32
2405,2405_0,ABANDONED,SOBOL,,,,1402,3754,564,32,190
2406,2406_0,COMPLETED,SOBOL,0.320000000000000006661338147751,94.000000000000000000000000000000,0.000000000000000000000000000000,1767,1629,59,91,34
2407,2407_0,ABANDONED,SOBOL,,,,3382,2748,549,238,250
2408,2408_0,ABANDONED,SOBOL,,,,4745,719,310,12,136
2409,2409_0,COMPLETED,SOBOL,0.309999999999999997779553950750,291.000000000000000000000000000000,0.000000000000000000000000000000,112,4904,804,159,86
2410,2410_0,COMPLETED,SOBOL,0.359999999999999986677323704498,25.000000000000000000000000000000,0.059999999999999997779553950750,1109,162,746,128,110
2411,2411_0,ABANDONED,SOBOL,,,,4054,4210,236,42,170
2412,2412_0,ABANDONED,SOBOL,,,,2820,2498,997,205,212
2413,2413_0,COMPLETED,SOBOL,0.330000000000000015543122344752,157.000000000000000000000000000000,0.080000000000000001665334536938,2013,3129,492,119,6
2414,2414_0,COMPLETED,SOBOL,0.349999999999999977795539507497,117.000000000000000000000000000000,0.070000000000000006661338147751,1982,1757,953,235,67
2415,2415_0,ABANDONED,SOBOL,,,,2857,2620,444,88,150
2416,2416_0,ABANDONED,SOBOL,,,,4023,905,698,158,231
2417,2417_0,ABANDONED,SOBOL,,,,1146,4717,193,11,49
2418,2418_0,COMPLETED,SOBOL,0.380000000000000004440892098501,24.000000000000000000000000000000,0.080000000000000001665334536938,154,55,266,42,23
2419,2419_0,ABANDONED,SOBOL,,,,4698,4317,756,128,199
2420,2420_0,COMPLETED,SOBOL,0.340000000000000024424906541753,210.000000000000000000000000000000,0.020000000000000000416333634234,1721,3333,505,207,98
2421,2421_0,ABANDONED,SOBOL,,,,3496,4495,614,63,93
2422,2422_0,COMPLETED,SOBOL,0.320000000000000006661338147751,85.000000000000000000000000000000,0.000000000000000000000000000000,4634,1529,375,194,43
2423,2423_0,ABANDONED,SOBOL,,,,517,2843,865,109,241
2424,2424_0,ABANDONED,SOBOL,,,,764,1930,682,76,206
2425,2425_0,COMPLETED,SOBOL,0.460000000000000019984014443253,252.000000000000000000000000000000,0.520000000000000017763568394003,4068,3692,177,225,13
2426,2426_0,ABANDONED,SOBOL,,,,2804,419,937,29,119
2427,2427_0,COMPLETED,SOBOL,0.309999999999999997779553950750,195.000000000000000000000000000000,0.029999999999999998889776975375,2361,3959,428,177,161
2428,2428_0,COMPLETED,SOBOL,0.309999999999999997779553950750,40.000000000000000000000000000000,0.059999999999999997779553950750,2274,560,590,117,59
2429,2429_0,ABANDONED,SOBOL,,,,4317,2091,842,40,144
2430,2430_0,COMPLETED,SOBOL,0.320000000000000006661338147751,175.000000000000000000000000000000,0.010000000000000000208166817117,853,3532,336,141,77
2431,2431_0,COMPLETED,SOBOL,0.320000000000000006661338147751,87.000000000000000000000000000000,0.000000000000000000000000000000,446,1397,154,169,104
2432,2432_0,ABANDONED,SOBOL,,,,4405,2975,643,5,176
2433,2433_0,COMPLETED,SOBOL,0.330000000000000015543122344752,59.000000000000000000000000000000,0.050000000000000002775557561563,3717,940,405,248,189
2434,2434_0,COMPLETED,SOBOL,0.309999999999999997779553950750,237.000000000000000000000000000000,0.020000000000000000416333634234,1428,4686,898,84,29
2435,2435_0,ABANDONED,SOBOL,,,,1654,2435,483,19,248
2436,2436_0,COMPLETED,SOBOL,0.299999999999999988897769753748,204.000000000000000000000000000000,0.040000000000000000832667268469,3203,3193,977,182,33
2437,2437_0,ABANDONED,SOBOL,,,,4926,216,231,64,83
2438,2438_0,COMPLETED,SOBOL,0.320000000000000006661338147751,222.000000000000000000000000000000,0.000000000000000000000000000000,223,4157,721,227,135
2439,2439_0,COMPLETED,SOBOL,0.320000000000000006661338147751,47.000000000000000000000000000000,0.000000000000000000000000000000,1057,772,795,199,171
2440,2440_0,ABANDONED,SOBOL,,,,3776,4850,289,98,113
2441,2441_0,COMPLETED,SOBOL,0.429999999999999993338661852249,111.000000000000000000000000000000,0.429999999999999993338661852249,3096,1566,544,152,6
2442,2442_0,ABANDONED,SOBOL,,,,2125,836,357,81,101
2443,2443_0,COMPLETED,SOBOL,0.309999999999999997779553950750,300.000000000000000000000000000000,0.040000000000000000832667268469,3040,4787,850,245,183
2444,2444_0,COMPLETED,SOBOL,0.289999999999999980015985556747,147.000000000000000000000000000000,0.010000000000000000208166817117,997,2553,596,166,18
2445,2445_0,COMPLETED,SOBOL,0.320000000000000006661338147751,122.000000000000000000000000000000,0.000000000000000000000000000000,283,2225,919,137,53
2446,2446_0,ABANDONED,SOBOL,,,,4867,3402,414,36,228
2447,2447_0,COMPLETED,SOBOL,0.489999999999999991118215802999,32.000000000000000000000000000000,0.460000000000000019984014443253,3260,123,668,214,154
2448,2448_0,COMPLETED,SOBOL,0.330000000000000015543122344752,205.000000000000000000000000000000,0.020000000000000000416333634234,1597,4249,158,113,63
2449,2449_0,ABANDONED,SOBOL,,,,1485,1461,715,54,157
2450,2450_0,COMPLETED,SOBOL,0.349999999999999977795539507497,189.000000000000000000000000000000,0.040000000000000000832667268469,3659,2912,205,156,123
2451,2451_0,COMPLETED,SOBOL,0.320000000000000006661338147751,84.000000000000000000000000000000,0.000000000000000000000000000000,4466,1200,966,102,9
2452,2452_0,ABANDONED,SOBOL,,,,387,4428,460,204,209
2453,2453_0,COMPLETED,SOBOL,0.299999999999999988897769753748,204.000000000000000000000000000000,0.050000000000000002775557561563,4256,4027,517,68,47
2454,2454_0,COMPLETED,SOBOL,0.320000000000000006661338147751,107.000000000000000000000000000000,0.000000000000000000000000000000,2621,1998,279,186,89
2455,2455_0,ABANDONED,SOBOL,,,,2217,3624,772,23,133
2456,2456_0,COMPLETED,SOBOL,0.349999999999999977795539507497,114.000000000000000000000000000000,0.059999999999999997779553950750,2457,2179,244,211,24
2457,2457_0,ABANDONED,SOBOL,,,,2707,3443,738,125,194
2458,2458_0,ABANDONED,SOBOL,,,,4167,473,500,133,173
2459,2459_0,ABANDONED,SOBOL,,,,665,3904,989,47,107
2460,2460_0,ABANDONED,SOBOL,,,,615,1029,557,15,73
2461,2461_0,ABANDONED,SOBOL,,,,3593,1310,811,92,222
2462,2462_0,COMPLETED,SOBOL,0.440000000000000002220446049250,206.000000000000000000000000000000,0.100000000000000005551115123126,1265,3062,302,239,62
2463,2463_0,ABANDONED,SOBOL,,,,1818,304,827,174,219
2464,2464_0,COMPLETED,SOBOL,0.309999999999999997779553950750,211.000000000000000000000000000000,0.040000000000000000832667268469,3328,4068,318,25,3
2465,2465_0,COMPLETED,SOBOL,0.320000000000000006661338147751,131.000000000000000000000000000000,0.000000000000000000000000000000,4797,2347,572,221,118
2466,2466_0,ABANDONED,SOBOL,,,,1246,1654,390,105,138
2467,2467_0,COMPLETED,SOBOL,0.340000000000000024424906541753,185.000000000000000000000000000000,0.029999999999999998889776975375,3925,2723,880,190,79
2468,2468_0,COMPLETED,SOBOL,0.320000000000000006661338147751,46.000000000000000000000000000000,0.000000000000000000000000000000,2953,685,135,60,37
2469,2469_0,ABANDONED,SOBOL,,,,1884,4937,629,145,243
2470,2470_0,ABANDONED,SOBOL,,,,1891,696,849,112,155
2471,2471_0,COMPLETED,SOBOL,0.309999999999999997779553950750,292.000000000000000000000000000000,0.040000000000000000832667268469,2961,4928,359,214,67
2472,2472_0,ABANDONED,SOBOL,,,,3914,1645,597,36,54
2473,2473_0,ABANDONED,SOBOL,,,,48,2359,411,165,200
2474,2474_0,ABANDONED,SOBOL,,,,4788,3271,921,2,18
2475,2475_0,COMPLETED,SOBOL,0.469999999999999973354647408996,48.000000000000000000000000000000,0.599999999999999977795539507497,3339,296,160,244,99
2476,2476_0,ABANDONED,SOBOL,,,,1831,4079,666,81,181
2477,2477_0,ABANDONED,SOBOL,,,,1251,1321,207,22,88
2478,2478_0,COMPLETED,SOBOL,0.320000000000000006661338147751,200.000000000000000000000000000000,0.040000000000000000832667268469,3582,3054,712,186,130
2479,2479_0,ABANDONED,SOBOL,,,,4543,1021,458,68,237
2480,2480_0,COMPLETED,SOBOL,0.349999999999999977795539507497,240.000000000000000000000000000000,0.029999999999999998889776975375,621,4609,968,232,44
2481,2481_0,COMPLETED,SOBOL,0.409999999999999975575093458247,57.000000000000000000000000000000,0.260000000000000008881784197001,679,484,519,203,11
2482,2482_0,ABANDONED,SOBOL,,,,2698,2171,771,155,160
2483,2483_0,ABANDONED,SOBOL,,,,2451,3454,281,55,124
2484,2484_0,COMPLETED,SOBOL,0.320000000000000006661338147751,120.000000000000000000000000000000,0.000000000000000000000000000000,2223,2009,736,239,221
2485,2485_0,COMPLETED,SOBOL,0.320000000000000006661338147751,207.000000000000000000000000000000,0.029999999999999998889776975375,2630,3616,246,91,60
2486,2486_0,COMPLETED,SOBOL,0.440000000000000002220446049250,45.000000000000000000000000000000,0.489999999999999991118215802999,4245,342,991,163,72
2487,2487_0,ABANDONED,SOBOL,,,,899,4038,497,14,145
2488,2488_0,COMPLETED,SOBOL,0.320000000000000006661338147751,262.000000000000000000000000000000,0.059999999999999997779553950750,4457,4419,558,132,109
2489,2489_0,COMPLETED,SOBOL,0.320000000000000006661338147751,83.000000000000000000000000000000,0.000000000000000000000000000000,3670,1452,304,126,28
2490,2490_0,COMPLETED,SOBOL,0.320000000000000006661338147751,159.000000000000000000000000000000,0.000000000000000000000000000000,1499,2922,810,211,194
2491,2491_0,COMPLETED,SOBOL,0.569999999999999951150186916493,67.000000000000000000000000000000,0.500000000000000000000000000000,1583,134,320,145,38
2492,2492_0,ABANDONED,SOBOL,,,,3249,4241,825,59,246
2493,2493_0,COMPLETED,SOBOL,0.320000000000000006661338147751,205.000000000000000000000000000000,0.000000000000000000000000000000,290,3414,574,105,82
2494,2494_0,ABANDONED,SOBOL,,,,1010,1836,882,73,114
2495,2495_0,COMPLETED,SOBOL,0.320000000000000006661338147751,149.000000000000000000000000000000,0.000000000000000000000000000000,3846,2544,388,220,166
2496,2496_0,ABANDONED,SOBOL,,,,3031,827,626,25,216
2497,2497_0,COMPLETED,SOBOL,0.520000000000000017763568394003,280.000000000000000000000000000000,0.930000000000000048849813083507,2119,4798,137,173,2
2498,2498_0,COMPLETED,SOBOL,0.320000000000000006661338147751,91.000000000000000000000000000000,0.000000000000000000000000000000,2059,1577,446,207,186
2499,2499_0,COMPLETED,SOBOL,0.330000000000000015543122344752,186.000000000000000000000000000000,0.040000000000000000832667268469,3091,2803,951,122,94
2500,2500_0,COMPLETED,SOBOL,0.359999999999999986677323704498,60.000000000000000000000000000000,0.200000000000000011102230246252,3789,764,190,128,21
2501,2501_0,ABANDONED,SOBOL,,,,1068,4861,700,43,197
2502,2502_0,ABANDONED,SOBOL,,,,231,226,758,11,234
2503,2503_0,COMPLETED,SOBOL,0.320000000000000006661338147751,242.000000000000000000000000000000,0.050000000000000002775557561563,4932,4148,264,159,49
2504,2504_0,COMPLETED,SOBOL,0.320000000000000006661338147751,130.000000000000000000000000000000,0.000000000000000000000000000000,3190,2426,503,87,70
2505,2505_0,COMPLETED,SOBOL,0.320000000000000006661338147751,59.000000000000000000000000000000,0.000000000000000000000000000000,1439,952,612,177,121
2506,2506_0,COMPLETED,SOBOL,0.320000000000000006661338147751,86.000000000000000000000000000000,0.000000000000000000000000000000,4399,1389,867,225,206
2507,2507_0,COMPLETED,SOBOL,0.309999999999999997779553950750,175.000000000000000000000000000000,0.010000000000000000208166817117,438,2986,373,77,16
2508,2508_0,COMPLETED,SOBOL,0.320000000000000006661338147751,120.000000000000000000000000000000,0.000000000000000000000000000000,843,2101,175,109,40
2509,2509_0,ABANDONED,SOBOL,,,,4303,3523,684,195,240
2510,2510_0,ABANDONED,SOBOL,,,,2569,551,430,63,126
2511,2511_0,COMPLETED,SOBOL,0.320000000000000006661338147751,201.000000000000000000000000000000,0.029999999999999998889776975375,2282,3828,935,149,92
2512,2512_0,COMPLETED,SOBOL,0.369999999999999995559107901499,220.000000000000000000000000000000,0.369999999999999995559107901499,2798,3950,589,248,31
2513,2513_0,ABANDONED,SOBOL,,,,4081,1921,335,6,104
2514,2514_0,ABANDONED,SOBOL,,,,775,3703,844,169,180
2515,2515_0,ABANDONED,SOBOL,,,,525,1541,645,141,142
2516,2516_0,ABANDONED,SOBOL,,,,4640,2834,151,40,76
2517,2517_0,COMPLETED,SOBOL,0.320000000000000006661338147751,72.000000000000000000000000000000,0.040000000000000000832667268469,3482,1123,896,218,56
2518,2518_0,ABANDONED,SOBOL,,,,1350,4507,407,117,225
2519,2519_0,COMPLETED,SOBOL,0.320000000000000006661338147751,133.000000000000000000000000000000,0.000000000000000000000000000000,1732,2305,974,51,6
2520,2520_0,ABANDONED,SOBOL,,,,3437,3325,485,152,212
2521,2521_0,ABANDONED,SOBOL,,,,4693,47,723,99,170
2522,2522_0,COMPLETED,SOBOL,0.309999999999999997779553950750,263.000000000000000000000000000000,0.000000000000000000000000000000,145,4328,230,199,111
2523,2523_0,COMPLETED,SOBOL,0.340000000000000024424906541753,65.000000000000000000000000000000,0.080000000000000001665334536938,1135,916,288,228,86
2524,2524_0,ABANDONED,SOBOL,,,,4010,4709,797,64,136
2525,2525_0,ABANDONED,SOBOL,,,,1990,2631,542,18,34
2526,2526_0,ABANDONED,SOBOL,,,,2831,3140,527,50,187
2527,2527_0,ABANDONED,SOBOL,,,,4046,173,273,196,200
2528,2528_0,COMPLETED,SOBOL,0.320000000000000006661338147751,265.000000000000000000000000000000,0.010000000000000000208166817117,1103,4202,778,96,22
2529,2529_0,COMPLETED,SOBOL,0.320000000000000006661338147751,46.000000000000000000000000000000,0.000000000000000000000000000000,99,710,705,67,48
2530,2530_0,ABANDONED,SOBOL,,,,3391,1640,960,19,151
2531,2531_0,COMPLETED,SOBOL,0.340000000000000024424906541753,160.000000000000000000000000000000,0.020000000000000000416333634234,1773,2739,466,183,67
2532,2532_0,COMPLETED,SOBOL,0.320000000000000006661338147751,46.000000000000000000000000000000,0.070000000000000006661338147751,1396,615,913,249,161
2533,2533_0,ABANDONED,SOBOL,,,,3441,3765,419,86,119
2534,2534_0,COMPLETED,SOBOL,0.320000000000000006661338147751,109.000000000000000000000000000000,0.000000000000000000000000000000,4686,2048,658,172,13
2535,2535_0,ABANDONED,SOBOL,,,,738,1335,351,37,241
2536,2536_0,COMPLETED,SOBOL,0.359999999999999986677323704498,168.000000000000000000000000000000,0.040000000000000000832667268469,4113,3040,857,138,43
2537,2537_0,COMPLETED,SOBOL,0.320000000000000006661338147751,63.000000000000000000000000000000,0.000000000000000000000000000000,2761,1015,96,116,93
2538,2538_0,COMPLETED,SOBOL,0.299999999999999988897769753748,244.000000000000000000000000000000,0.029999999999999998889776975375,2384,4614,605,217,129
2539,2539_0,COMPLETED,SOBOL,0.320000000000000006661338147751,69.000000000000000000000000000000,0.000000000000000000000000000000,2319,1138,380,32,28
2540,2540_0,ABANDONED,SOBOL,,,,2537,4492,890,180,190
2541,2541_0,COMPLETED,SOBOL,0.280000000000000026645352591004,185.000000000000000000000000000000,0.020000000000000000416333634234,811,2858,634,225,104
2542,2542_0,COMPLETED,SOBOL,0.330000000000000015543122344752,120.000000000000000000000000000000,0.000000000000000000000000000000,392,1897,817,194,77
2543,2543_0,ABANDONED,SOBOL,,,,4440,3728,328,108,145
2544,2544_0,ABANDONED,SOBOL,,,,3684,445,566,146,226
2545,2545_0,COMPLETED,SOBOL,0.309999999999999997779553950750,208.000000000000000000000000000000,0.020000000000000000416333634234,1481,3935,73,60,58
2546,2546_0,ABANDONED,SOBOL,,,,1690,1763,550,119,215
2547,2547_0,COMPLETED,SOBOL,0.380000000000000004440892098501,148.000000000000000000000000000000,0.149999999999999994448884876874,3149,2617,57,204,7
2548,2548_0,ABANDONED,SOBOL,,,,4979,891,802,42,113
2549,2549_0,ABANDONED,SOBOL,,,,190,4733,312,127,171
2550,2550_0,COMPLETED,SOBOL,0.450000000000000011102230246252,23.000000000000000000000000000000,0.140000000000000013322676295502,1031,22,239,160,135
2551,2551_0,ABANDONED,SOBOL,,,,3821,4353,743,11,83
2552,2552_0,COMPLETED,SOBOL,0.330000000000000015543122344752,140.000000000000000000000000000000,0.029999999999999998889776975375,3054,2320,490,238,33
2553,2553_0,ABANDONED,SOBOL,,,,2091,3310,999,90,247
2554,2554_0,ABANDONED,SOBOL,,,,2151,242,676,56,64
2555,2555_0,ABANDONED,SOBOL,,,,2995,4133,183,142,154
2556,2556_0,ABANDONED,SOBOL,,,,3878,2422,928,104,227
2557,2557_0,COMPLETED,SOBOL,0.299999999999999988897769753748,174.000000000000000000000000000000,0.010000000000000000208166817117,974,3207,438,190,53
2558,2558_0,COMPLETED,SOBOL,0.340000000000000024424906541753,93.000000000000000000000000000000,0.029999999999999998889776975375,248,1709,114,222,19
2559,2559_0,ABANDONED,SOBOL,,,,4922,2671,620,74,203
2560,2560_0,ABANDONED,SOBOL,,,,3207,642,366,176,182
2561,2561_0,ABANDONED,SOBOL,,,,1629,4983,875,29,102
2562,2562_0,ABANDONED,SOBOL,,,,1540,2117,256,94,133
2563,2563_0,COMPLETED,SOBOL,0.419999999999999984456877655248,267.000000000000000000000000000000,0.340000000000000024424906541753,3624,3508,766,243,88
2564,2564_0,ABANDONED,SOBOL,,,,334,3833,511,164,238
2565,2565_0,ABANDONED,SOBOL,,,,868,1084,943,131,209
2566,2566_0,COMPLETED,SOBOL,0.309999999999999997779553950750,261.000000000000000000000000000000,0.050000000000000002775557561563,4282,4546,454,46,8
2567,2567_0,COMPLETED,SOBOL,0.320000000000000006661338147751,82.000000000000000000000000000000,0.000000000000000000000000000000,2598,1267,692,208,123
2568,2568_0,ABANDONED,SOBOL,,,,2260,3108,198,123,158
2569,2569_0,COMPLETED,SOBOL,0.320000000000000006661338147751,79.000000000000000000000000000000,0.000000000000000000000000000000,2482,1428,789,187,63
2570,2570_0,ABANDONED,SOBOL,,,,2662,2947,296,23,222
2571,2571_0,COMPLETED,SOBOL,0.320000000000000006661338147751,73.000000000000000000000000000000,0.000000000000000000000000000000,4210,1225,534,235,148
2572,2572_0,ABANDONED,SOBOL,,,,579,356,477,100,108
2573,2573_0,COMPLETED,SOBOL,0.320000000000000006661338147751,280.000000000000000000000000000000,0.050000000000000002775557561563,4590,4023,982,200,173
2574,2574_0,ABANDONED,SOBOL,,,,3540,1984,222,54,193
2575,2575_0,COMPLETED,SOBOL,0.299999999999999988897769753748,210.000000000000000000000000000000,0.020000000000000000416333634234,1298,3640,731,155,25
2576,2576_0,COMPLETED,SOBOL,0.299999999999999988897769753748,300.000000000000000000000000000000,0.040000000000000000832667268469,3292,4822,653,112,37
2577,2577_0,COMPLETED,SOBOL,0.320000000000000006661338147751,101.000000000000000000000000000000,0.000000000000000000000000000000,4830,1850,399,135,79
2578,2578_0,ABANDONED,SOBOL,,,,2,2530,904,33,139
2579,2579_0,ABANDONED,SOBOL,,,,1200,2231,581,5,167
2580,2580_0,COMPLETED,SOBOL,0.579999999999999960031971113494,175.000000000000000000000000000000,0.989999999999999991118215802999,2930,109,836,82,3
2581,2581_0,COMPLETED,SOBOL,0.309999999999999997779553950750,218.000000000000000000000000000000,0.020000000000000000416333634234,1927,4265,342,245,219
2582,2582_0,COMPLETED,SOBOL,0.320000000000000006661338147751,82.000000000000000000000000000000,0.000000000000000000000000000000,1945,1383,568,69,23
2583,2583_0,ABANDONED,SOBOL,,,,3966,966,816,21,188
2584,2584_0,COMPLETED,SOBOL,0.299999999999999988897769753748,264.000000000000000000000000000000,0.010000000000000000208166817117,1179,4662,322,185,97
2585,2585_0,COMPLETED,SOBOL,0.320000000000000006661338147751,40.000000000000000000000000000000,0.000000000000000000000000000000,23,585,131,157,68
2586,2586_0,ABANDONED,SOBOL,,,,4814,3792,640,56,149
2587,2587_0,ABANDONED,SOBOL,,,,3316,2076,378,202,233
2588,2588_0,COMPLETED,SOBOL,0.340000000000000024424906541753,185.000000000000000000000000000000,0.020000000000000000416333634234,1854,3546,884,101,48
2589,2589_0,ABANDONED,SOBOL,,,,1316,758,487,35,204
2590,2590_0,COMPLETED,SOBOL,0.299999999999999988897769753748,248.000000000000000000000000000000,0.040000000000000000832667268469,3517,4864,993,137,14
2591,2591_0,ABANDONED,SOBOL,,,,4605,1591,240,114,118
2592,2592_0,COMPLETED,SOBOL,0.320000000000000006661338147751,147.000000000000000000000000000000,0.000000000000000000000000000000,559,2786,749,215,162
2593,2593_0,COMPLETED,SOBOL,0.320000000000000006661338147751,133.000000000000000000000000000000,0.000000000000000000000000000000,663,2460,800,243,128
2594,2594_0,ABANDONED,SOBOL,,,,4195,3167,306,80,94
2595,2595_0,COMPLETED,SOBOL,0.460000000000000019984014443253,42.000000000000000000000000000000,0.670000000000000039968028886506,2685,202,552,166,42
2596,2596_0,COMPLETED,SOBOL,0.390000000000000013322676295502,23.000000000000000000000000000000,0.450000000000000011102230246252,2239,69,954,192,102
2597,2597_0,ABANDONED,SOBOL,,,,2613,4303,464,106,178
2598,2598_0,ABANDONED,SOBOL,,,,4259,2269,710,144,189
2599,2599_0,COMPLETED,SOBOL,0.309999999999999997779553950750,172.000000000000000000000000000000,0.010000000000000000208166817117,886,3358,217,58,29
2600,2600_0,ABANDONED,SOBOL,,,,317,1732,267,27,57
2601,2601_0,ABANDONED,SOBOL,,,,4522,2646,777,174,227
2602,2602_0,COMPLETED,SOBOL,0.380000000000000004440892098501,235.000000000000000000000000000000,0.040000000000000000832667268469,1561,4704,529,220,78
2603,2603_0,ABANDONED,SOBOL,,,,3224,3678,607,13,113
2604,2604_0,COMPLETED,SOBOL,0.579999999999999960031971113494,113.000000000000000000000000000000,0.969999999999999973354647408996,4899,394,345,241,8
2605,2605_0,ABANDONED,SOBOL,,,,266,3983,854,92,214
2606,2606_0,ABANDONED,SOBOL,,,,955,1107,664,125,248
2607,2607_0,COMPLETED,SOBOL,0.380000000000000004440892098501,251.000000000000000000000000000000,0.170000000000000012212453270877,3901,4521,170,210,33
2608,2608_0,ABANDONED,SOBOL,,,,2979,1544,907,48,84
2609,2609_0,ABANDONED,SOBOL,,,,2172,2829,417,133,134
2610,2610_0,COMPLETED,SOBOL,0.320000000000000006661338147751,65.000000000000000000000000000000,0.029999999999999998889776975375,2075,1053,228,223,52
2611,2611_0,ABANDONED,SOBOL,,,,3075,4574,733,76,228
2612,2612_0,COMPLETED,SOBOL,0.320000000000000006661338147751,85.000000000000000000000000000000,0.000000000000000000000000000000,3803,1295,471,178,153
2613,2613_0,ABANDONED,SOBOL,,,,1055,3077,980,30,65
2614,2614_0,ABANDONED,SOBOL,,,,167,2164,540,62,101
2615,2615_0,ABANDONED,SOBOL,,,,3127,497,783,110,202
2616,2616_0,COMPLETED,SOBOL,0.429999999999999993338661852249,262.000000000000000000000000000000,0.160000000000000003330669073875,1706,3881,293,196,20
2617,2617_0,ABANDONED,SOBOL,,,,1465,1678,830,129,238
2618,2618_0,ABANDONED,SOBOL,,,,3705,2699,340,44,46
2619,2619_0,COMPLETED,SOBOL,0.390000000000000013322676295502,60.000000000000000000000000000000,0.340000000000000024424906541753,4422,670,587,206,90
2620,2620_0,ABANDONED,SOBOL,,,,788,289,393,88,158
2621,2621_0,COMPLETED,SOBOL,0.330000000000000015543122344752,216.000000000000000000000000000000,0.050000000000000002775557561563,4358,4084,902,236,122
2622,2622_0,ABANDONED,SOBOL,,,,2517,2371,149,9,10
2623,2623_0,ABANDONED,SOBOL,,,,2335,3256,655,158,208
2624,2624_0,COMPLETED,SOBOL,0.320000000000000006661338147751,121.000000000000000000000000000000,0.000000000000000000000000000000,2407,2201,364,97,75
2625,2625_0,COMPLETED,SOBOL,0.320000000000000006661338147751,217.000000000000000000000000000000,0.029999999999999998889776975375,2743,3426,869,198,147
2626,2626_0,COMPLETED,SOBOL,0.309999999999999997779553950750,273.000000000000000000000000000000,0.010000000000000000208166817117,723,4234,626,152,62
2627,2627_0,COMPLETED,SOBOL,0.390000000000000013322676295502,62.000000000000000000000000000000,0.070000000000000006661338147751,499,851,925,181,26
2628,2628_0,ABANDONED,SOBOL,,,,4666,4771,432,17,192
2629,2629_0,COMPLETED,SOBOL,0.320000000000000006661338147751,97.000000000000000000000000000000,0.000000000000000000000000000000,3459,1800,678,229,173
2630,2630_0,ABANDONED,SOBOL,,,,1373,2576,189,65,107
2631,2631_0,ABANDONED,SOBOL,,,,1797,326,694,7,138
2632,2632_0,COMPLETED,SOBOL,0.299999999999999988897769753748,213.000000000000000000000000000000,0.040000000000000000832667268469,3372,4051,204,170,80
2633,2633_0,COMPLETED,SOBOL,0.320000000000000006661338147751,122.000000000000000000000000000000,0.000000000000000000000000000000,4755,2013,941,84,36
2634,2634_0,COMPLETED,SOBOL,0.309999999999999997779553950750,202.000000000000000000000000000000,0.000000000000000000000000000000,83,3609,448,247,244
2635,2635_0,COMPLETED,SOBOL,0.500000000000000000000000000000,196.000000000000000000000000000000,0.500000000000000000000000000000,4025,2896,516,117,4
2636,2636_0,COMPLETED,SOBOL,0.320000000000000006661338147751,74.000000000000000000000000000000,0.000000000000000000000000000000,2850,1176,255,140,116
2637,2637_0,ABANDONED,SOBOL,,,,2003,4451,760,39,168
2638,2638_0,ABANDONED,SOBOL,,,,1972,511,298,171,229
2639,2639_0,ABANDONED,SOBOL,,,,2886,3866,808,8,55
2640,2640_0,ABANDONED,SOBOL,,,,1155,3483,560,87,156
2641,2641_0,ABANDONED,SOBOL,,,,125,1271,985,115,181
2642,2642_0,COMPLETED,SOBOL,0.369999999999999995559107901499,170.000000000000000000000000000000,0.040000000000000000832667268469,4708,3102,495,216,100
2643,2643_0,COMPLETED,SOBOL,0.320000000000000006661338147751,64.000000000000000000000000000000,0.000000000000000000000000000000,3414,1068,742,38,17
2644,2644_0,ABANDONED,SOBOL,,,,1750,4560,248,140,201
2645,2645_0,COMPLETED,SOBOL,0.330000000000000015543122344752,134.000000000000000000000000000000,0.020000000000000000416333634234,1331,2386,632,197,44
2646,2646_0,COMPLETED,SOBOL,0.320000000000000006661338147751,25.000000000000000000000000000000,0.000000000000000000000000000000,4624,264,876,150,131
2647,2647_0,ABANDONED,SOBOL,,,,546,4108,386,49,87
2648,2648_0,COMPLETED,SOBOL,0.299999999999999988897769753748,260.000000000000000000000000000000,0.050000000000000002775557561563,4098,4977,576,184,159
2649,2649_0,ABANDONED,SOBOL,,,,2775,1693,314,66,211
2650,2650_0,COMPLETED,SOBOL,0.320000000000000006661338147751,146.000000000000000000000000000000,0.059999999999999997779553950750,2371,2685,823,230,11
2651,2651_0,ABANDONED,SOBOL,,,,2303,1864,162,41,146
2652,2652_0,COMPLETED,SOBOL,0.299999999999999988897769753748,141.000000000000000000000000000000,0.029999999999999998889776975375,2553,2513,671,126,72
2653,2653_0,COMPLETED,SOBOL,0.320000000000000006661338147751,50.000000000000000000000000000000,0.000000000000000000000000000000,4326,798,409,120,61
2654,2654_0,ABANDONED,SOBOL,,,,824,4825,915,205,219
2655,2655_0,COMPLETED,SOBOL,0.340000000000000024424906541753,23.000000000000000000000000000000,0.050000000000000002775557561563,456,84,599,238,195
2656,2656_0,COMPLETED,SOBOL,0.330000000000000015543122344752,214.000000000000000000000000000000,0.050000000000000002775557561563,4376,4288,110,89,27
2657,2657_0,COMPLETED,SOBOL,0.320000000000000006661338147751,123.000000000000000000000000000000,0.000000000000000000000000000000,3747,2264,847,161,109
2658,2658_0,ABANDONED,SOBOL,,,,1419,3362,353,13,175
2659,2659_0,ABANDONED,SOBOL,,,,1664,1240,769,79,81
2660,2660_0,COMPLETED,SOBOL,0.299999999999999988897769753748,256.000000000000000000000000000000,0.040000000000000000832667268469,3174,4388,275,227,141
2661,2661_0,ABANDONED,SOBOL,,,,4955,1422,521,32,246
2662,2662_0,COMPLETED,SOBOL,0.599999999999999977795539507497,260.000000000000000000000000000000,0.829999999999999960031971113494,1087,1959,456,147,1
2663,2663_0,ABANDONED,SOBOL,,,,3766,3663,962,61,217
2664,2664_0,COMPLETED,SOBOL,0.320000000000000006661338147751,31.000000000000000000000000000000,0.000000000000000000000000000000,3106,389,209,193,165
2665,2665_0,ABANDONED,SOBOL,,,,2038,3988,718,107,115
2666,2666_0,ABANDONED,SOBOL,,,,2135,2052,894,16,197
2667,2667_0,COMPLETED,SOBOL,0.359999999999999986677323704498,218.000000000000000000000000000000,0.170000000000000012212453270877,3011,3570,401,165,20
2668,2668_0,ABANDONED,SOBOL,,,,3864,600,647,93,96
2669,2669_0,COMPLETED,SOBOL,0.320000000000000006661338147751,60.000000000000000000000000000000,0.000000000000000000000000000000,312,980,332,209,153
2670,2670_0,COMPLETED,SOBOL,0.309999999999999997779553950750,305.000000000000000000000000000000,0.059999999999999997779553950750,4857,4647,838,124,69
2671,2671_0,COMPLETED,SOBOL,0.320000000000000006661338147751,81.000000000000000000000000000000,0.000000000000000000000000000000,3270,1359,85,130,51
2672,2672_0,ABANDONED,SOBOL,,,,1567,3013,595,45,234
2673,2673_0,COMPLETED,SOBOL,0.540000000000000035527136788005,79.000000000000000000000000000000,0.429999999999999993338661852249,1515,177,38,103,15
2674,2674_0,ABANDONED,SOBOL,,,,3649,4195,548,189,207
2675,2675_0,ABANDONED,SOBOL,,,,4476,2475,286,57,163
2676,2676_0,COMPLETED,SOBOL,0.309999999999999997779553950750,162.000000000000000000000000000000,0.000000000000000000000000000000,358,3153,791,143,121
2677,2677_0,COMPLETED,SOBOL,0.320000000000000006661338147751,108.000000000000000000000000000000,0.000000000000000000000000000000,923,1605,725,175,91
2678,2678_0,ABANDONED,SOBOL,,,,4227,2772,235,27,127
2679,2679_0,ABANDONED,SOBOL,,,,2650,734,972,222,239
2680,2680_0,COMPLETED,SOBOL,0.309999999999999997779553950750,270.000000000000000000000000000000,0.029999999999999998889776975375,2207,4888,479,75,41
2681,2681_0,ABANDONED,SOBOL,,,,2428,865,509,135,179
2682,2682_0,COMPLETED,SOBOL,0.369999999999999995559107901499,122.000000000000000000000000000000,0.160000000000000003330669073875,4158,1795,752,212,30
2683,2683_0,ABANDONED,SOBOL,,,,695,2582,262,111,192
2684,2684_0,COMPLETED,SOBOL,0.440000000000000002220446049250,220.000000000000000000000000000000,0.320000000000000006661338147751,4564,3295,702,246,56
2685,2685_0,ABANDONED,SOBOL,,,,3563,16,440,4,75
2686,2686_0,COMPLETED,SOBOL,0.299999999999999988897769753748,291.000000000000000000000000000000,0.020000000000000000416333634234,1275,4357,949,167,143
2687,2687_0,COMPLETED,SOBOL,0.320000000000000006661338147751,83.000000000000000000000000000000,0.000000000000000000000000000000,1808,1490,424,234,112
2688,2688_0,ABANDONED,SOBOL,,,,3357,2882,933,70,169
2689,2689_0,COMPLETED,SOBOL,0.309999999999999997779553950750,286.000000000000000000000000000000,0.000000000000000000000000000000,64,4457,686,24,5
2690,2690_0,COMPLETED,SOBOL,0.320000000000000006661338147751,34.000000000000000000000000000000,0.000000000000000000000000000000,1216,457,861,53,35
2691,2691_0,ABANDONED,SOBOL,,,,3934,3920,372,153,249
2692,2692_0,ABANDONED,SOBOL,,,,2943,1891,618,100,136
2693,2693_0,COMPLETED,SOBOL,0.309999999999999997779553950750,219.000000000000000000000000000000,0.020000000000000000416333634234,1913,3732,124,201,85
2694,2694_0,ABANDONED,SOBOL,,,,1911,1504,885,132,170
2695,2695_0,ABANDONED,SOBOL,,,,2942,2876,380,46,111
2696,2696_0,COMPLETED,SOBOL,0.530000000000000026645352591004,127.000000000000000000000000000000,0.709999999999999964472863211995,3933,1160,641,208,6
2697,2697_0,ABANDONED,SOBOL,,,,69,466,323,95,250
2698,2698_0,COMPLETED,SOBOL,0.429999999999999993338661852249,230.000000000000000000000000000000,0.460000000000000019984014443253,4769,3908,817,242,35
2699,2699_0,COMPLETED,SOBOL,0.299999999999999988897769753748,226.000000000000000000000000000000,0.020000000000000000416333634234,1811,3745,569,163,135
2700,2700_0,ABANDONED,SOBOL,,,,3562,4751,553,74,180
2701,2701_0,ABANDONED,SOBOL,,,,4563,1785,308,176,191
2702,2702_0,ABANDONED,SOBOL,,,,602,2590,801,28,31
2703,2703_0,COMPLETED,SOBOL,0.320000000000000006661338147751,139.000000000000000000000000000000,0.000000000000000000000000000000,698,2341,750,57,55
2704,2704_0,ABANDONED,SOBOL,,,,4159,3283,241,142,225
2705,2705_0,ABANDONED,SOBOL,,,,2718,10,994,104,142
2706,2706_0,COMPLETED,SOBOL,0.299999999999999988897769753748,246.000000000000000000000000000000,0.029999999999999998889776975375,2432,4369,489,190,76
2707,2707_0,ABANDONED,SOBOL,,,,2203,190,530,5,206
2708,2708_0,COMPLETED,SOBOL,0.320000000000000006661338147751,245.000000000000000000000000000000,0.070000000000000006661338147751,2648,4190,24,169,16
2709,2709_0,ABANDONED,SOBOL,,,,4226,2463,778,82,120
2710,2710_0,COMPLETED,SOBOL,0.299999999999999988897769753748,196.000000000000000000000000000000,0.010000000000000000208166817117,919,3162,269,245,164
2711,2711_0,COMPLETED,SOBOL,0.320000000000000006661338147751,103.000000000000000000000000000000,0.000000000000000000000000000000,361,1613,217,213,126
2712,2712_0,COMPLETED,SOBOL,0.380000000000000004440892098501,149.000000000000000000000000000000,0.040000000000000000832667268469,4476,2762,711,112,92
2713,2713_0,COMPLETED,SOBOL,0.330000000000000015543122344752,57.000000000000000000000000000000,0.149999999999999994448884876874,3652,727,466,134,40
2714,2714_0,ABANDONED,SOBOL,,,,1519,4903,955,33,240
2715,2715_0,COMPLETED,SOBOL,0.320000000000000006661338147751,112.000000000000000000000000000000,0.000000000000000000000000000000,1564,2065,419,99,21
2716,2716_0,COMPLETED,SOBOL,0.299999999999999988897769753748,224.000000000000000000000000000000,0.040000000000000000832667268469,3269,3564,909,201,196
2717,2717_0,COMPLETED,SOBOL,0.320000000000000006661338147751,232.000000000000000000000000000000,0.000000000000000000000000000000,309,3787,664,155,95
2718,2718_0,COMPLETED,SOBOL,0.309999999999999997779553950750,61.000000000000000000000000000000,0.010000000000000000208166817117,991,989,856,187,70
2719,2719_0,ABANDONED,SOBOL,,,,3866,4637,347,24,151
2720,2720_0,ABANDONED,SOBOL,,,,3011,1352,608,234,235
2721,2721_0,COMPLETED,SOBOL,0.309999999999999997779553950750,183.000000000000000000000000000000,0.029999999999999998889776975375,2138,3028,102,71,50
2722,2722_0,ABANDONED,SOBOL,,,,2040,1247,293,37,140
2723,2723_0,COMPLETED,SOBOL,0.299999999999999988897769753748,224.000000000000000000000000000000,0.040000000000000000832667268469,3111,4377,783,138,82
2724,2724_0,COMPLETED,SOBOL,0.320000000000000006661338147751,88.000000000000000000000000000000,0.000000000000000000000000000000,3769,1415,45,116,38
2725,2725_0,ABANDONED,SOBOL,,,,1087,2964,538,217,246
2726,2726_0,COMPLETED,SOBOL,0.320000000000000006661338147751,121.000000000000000000000000000000,0.000000000000000000000000000000,212,1972,980,249,216
2727,2727_0,COMPLETED,SOBOL,0.589999999999999968913755310496,343.000000000000000000000000000000,0.930000000000000048849813083507,4953,3658,470,85,2
2728,2728_0,COMPLETED,SOBOL,0.320000000000000006661338147751,29.000000000000000000000000000000,0.000000000000000000000000000000,3170,378,731,172,114
2729,2729_0,ABANDONED,SOBOL,,,,1662,3997,226,8,166
2730,2730_0,ABANDONED,SOBOL,,,,1419,1872,653,67,73
2731,2731_0,COMPLETED,SOBOL,0.320000000000000006661338147751,134.000000000000000000000000000000,0.000000000000000000000000000000,3749,2502,148,230,145
2732,2732_0,ABANDONED,SOBOL,,,,4380,790,902,20,220
2733,2733_0,COMPLETED,SOBOL,0.299999999999999988897769753748,278.000000000000000000000000000000,0.010000000000000000208166817117,458,4839,392,183,60
2734,2734_0,COMPLETED,SOBOL,0.520000000000000017763568394003,57.000000000000000000000000000000,0.359999999999999986677323704498,823,97,92,151,28
2735,2735_0,ABANDONED,SOBOL,,,,4322,4282,585,49,194
2736,2736_0,COMPLETED,SOBOL,0.320000000000000006661338147751,119.000000000000000000000000000000,0.000000000000000000000000000000,2550,2253,340,197,175
2737,2737_0,ABANDONED,SOBOL,,,,2302,3372,830,95,109
2738,2738_0,ABANDONED,SOBOL,,,,2778,3230,677,12,44
2739,2739_0,COMPLETED,SOBOL,0.500000000000000000000000000000,61.000000000000000000000000000000,0.680000000000000048849813083507,4102,259,431,238,88
2740,2740_0,ABANDONED,SOBOL,,,,756,4121,925,91,130
2741,2741_0,ABANDONED,SOBOL,,,,544,659,624,118,160
2742,2742_0,COMPLETED,SOBOL,0.320000000000000006661338147751,93.000000000000000000000000000000,0.000000000000000000000000000000,3502,1682,869,41,12
2743,2743_0,ABANDONED,SOBOL,,,,1331,2692,363,127,210
2744,2744_0,COMPLETED,SOBOL,0.500000000000000000000000000000,68.000000000000000000000000000000,0.440000000000000002220446049250,1752,520,759,193,54
2745,2745_0,ABANDONED,SOBOL,,,,3418,3855,254,108,230
2746,2746_0,ABANDONED,SOBOL,,,,4712,2134,515,146,155
2747,2747_0,ABANDONED,SOBOL,,,,1155,1284,447,32,99
2748,2748_0,ABANDONED,SOBOL,,,,3991,3095,941,180,181
2749,2749_0,ABANDONED,SOBOL,,,,2882,1057,203,77,200
2750,2750_0,COMPLETED,SOBOL,0.489999999999999991118215802999,284.000000000000000000000000000000,0.200000000000000011102230246252,1970,4567,692,226,18
2751,2751_0,COMPLETED,SOBOL,0.320000000000000006661338147751,27.000000000000000000000000000000,0.000000000000000000000000000000,2006,314,248,109,79
2752,2752_0,COMPLETED,SOBOL,0.320000000000000006661338147751,210.000000000000000000000000000000,0.040000000000000000832667268469,2850,4060,742,195,139
2753,2753_0,ABANDONED,SOBOL,,,,4028,2026,497,64,244
2754,2754_0,COMPLETED,SOBOL,0.309999999999999997779553950750,218.000000000000000000000000000000,0.010000000000000000208166817117,1123,3604,986,149,37
2755,2755_0,COMPLETED,SOBOL,0.390000000000000013322676295502,92.000000000000000000000000000000,0.089999999999999996669330926125,79,1470,561,177,3
2756,2756_0,COMPLETED,SOBOL,0.320000000000000006661338147751,68.000000000000000000000000000000,0.000000000000000000000000000000,3372,1184,809,225,167
2757,2757_0,ABANDONED,SOBOL,,,,1793,4441,300,77,117
2758,2758_0,ABANDONED,SOBOL,,,,1377,2189,824,11,148
2759,2759_0,COMPLETED,SOBOL,0.309999999999999997779553950750,185.000000000000000000000000000000,0.040000000000000000832667268469,3461,3435,316,158,74
2760,2760_0,COMPLETED,SOBOL,0.429999999999999993338661852249,39.000000000000000000000000000000,0.450000000000000011102230246252,4666,151,576,88,63
2761,2761_0,COMPLETED,SOBOL,0.320000000000000006661338147751,52.000000000000000000000000000000,0.000000000000000000000000000000,719,844,388,208,193
2762,2762_0,COMPLETED,SOBOL,0.309999999999999997779553950750,254.000000000000000000000000000000,0.050000000000000002775557561563,4134,4786,877,122,25
2763,2763_0,COMPLETED,SOBOL,0.320000000000000006661338147751,102.000000000000000000000000000000,0.000000000000000000000000000000,2741,1809,139,129,107
2764,2764_0,ABANDONED,SOBOL,,,,2403,2566,633,43,173
2765,2765_0,COMPLETED,SOBOL,0.320000000000000006661338147751,93.000000000000000000000000000000,0.119999999999999995559107901499,2339,1668,355,228,46
2766,2766_0,ABANDONED,SOBOL,,,,2518,2707,848,65,238
2767,2767_0,ABANDONED,SOBOL,,,,791,4946,600,19,89
2768,2768_0,ABANDONED,SOBOL,,,,412,283,916,51,123
2769,2769_0,ABANDONED,SOBOL,,,,4422,4096,411,152,157
2770,2770_0,ABANDONED,SOBOL,,,,3703,2380,672,98,209
2771,2771_0,COMPLETED,SOBOL,0.450000000000000011102230246252,178.000000000000000000000000000000,0.140000000000000013322676295502,1460,3244,163,200,9
2772,2772_0,ABANDONED,SOBOL,,,,1709,1043,719,141,227
2773,2773_0,ABANDONED,SOBOL,,,,3129,4582,209,40,53
2774,2774_0,COMPLETED,SOBOL,0.320000000000000006661338147751,77.000000000000000000000000000000,0.000000000000000000000000000000,4999,1309,963,218,64
2775,2775_0,ABANDONED,SOBOL,,,,171,3071,458,117,154
2776,2776_0,COMPLETED,SOBOL,0.369999999999999995559107901499,183.000000000000000000000000000000,0.190000000000000002220446049250,3801,3471,522,248,102
2777,2777_0,ABANDONED,SOBOL,,,,3074,505,277,6,19
2778,2778_0,ABANDONED,SOBOL,,,,2072,3869,770,170,203
2779,2779_0,COMPLETED,SOBOL,0.320000000000000006661338147751,102.000000000000000000000000000000,0.000000000000000000000000000000,2170,1939,593,204,114
2780,2780_0,ABANDONED,SOBOL,,,,3898,403,838,156,215
2781,2781_0,COMPLETED,SOBOL,0.320000000000000006661338147751,206.000000000000000000000000000000,0.010000000000000000208166817117,955,3972,332,54,7
2782,2782_0,ABANDONED,SOBOL,,,,267,1096,156,23,34
2783,2783_0,ABANDONED,SOBOL,,,,4902,4528,645,185,247
2784,2784_0,ABANDONED,SOBOL,,,,3228,1558,400,68,134
2785,2785_0,COMPLETED,SOBOL,0.349999999999999977795539507497,151.000000000000000000000000000000,0.040000000000000000832667268469,1610,2822,894,231,83
2786,2786_0,ABANDONED,SOBOL,,,,1560,64,478,166,177
2787,2787_0,ABANDONED,SOBOL,,,,3605,4316,972,2,103
2788,2788_0,COMPLETED,SOBOL,0.369999999999999995559107901499,142.000000000000000000000000000000,0.029999999999999998889776975375,4518,2278,234,244,28
2789,2789_0,ABANDONED,SOBOL,,,,314,3347,724,80,190
2790,2790_0,ABANDONED,SOBOL,,,,888,1721,791,113,226
2791,2791_0,COMPLETED,SOBOL,0.369999999999999995559107901499,143.000000000000000000000000000000,0.029999999999999998889776975375,4263,2653,285,214,58
2792,2792_0,ABANDONED,SOBOL,,,,2617,933,546,36,77
2793,2793_0,COMPLETED,SOBOL,0.309999999999999997779553950750,51.000000000000000000000000000000,0.029999999999999998889776975375,2463,751,949,73,13
2794,2794_0,COMPLETED,SOBOL,0.280000000000000026645352591004,242.000000000000000000000000000000,0.029999999999999998889776975375,2682,4878,439,221,205
2795,2795_0,ABANDONED,SOBOL,,,,4190,1599,700,25,161
2796,2796_0,COMPLETED,SOBOL,0.320000000000000006661338147751,152.000000000000000000000000000000,0.000000000000000000000000000000,661,2776,195,173,119
2797,2797_0,COMPLETED,SOBOL,0.320000000000000006661338147751,132.000000000000000000000000000000,0.000000000000000000000000000000,560,2448,262,145,93
2798,2798_0,ABANDONED,SOBOL,,,,4610,3177,752,60,129
2799,2799_0,COMPLETED,SOBOL,0.320000000000000006661338147751,228.000000000000000000000000000000,0.020000000000000000416333634234,1317,4165,507,105,43
2800,2800_0,COMPLETED,SOBOL,0.330000000000000015543122344752,180.000000000000000000000000000000,0.040000000000000000832667268469,3311,3003,616,133,22
2801,2801_0,COMPLETED,SOBOL,0.320000000000000006661338147751,59.000000000000000000000000000000,0.000000000000000000000000000000,4811,974,371,125,97
2802,2802_0,COMPLETED,SOBOL,0.320000000000000006661338147751,241.000000000000000000000000000000,0.000000000000000000000000000000,22,4651,861,211,187
2803,2803_0,COMPLETED,SOBOL,0.320000000000000006661338147751,51.000000000000000000000000000000,0.089999999999999996669330926125,1180,573,685,239,151
2804,2804_0,COMPLETED,SOBOL,0.320000000000000006661338147751,208.000000000000000000000000000000,0.050000000000000002775557561563,3969,3802,179,92,67
2805,2805_0,COMPLETED,SOBOL,0.320000000000000006661338147751,110.000000000000000000000000000000,0.000000000000000000000000000000,2911,2090,933,162,49
2806,2806_0,ABANDONED,SOBOL,,,,1947,3540,423,15,232
2807,2807_0,COMPLETED,SOBOL,0.419999999999999984456877655248,67.000000000000000000000000000000,0.209999999999999992228438827624,1926,814,666,175,36
2808,2808_0,COMPLETED,SOBOL,0.320000000000000006661338147751,105.000000000000000000000000000000,0.000000000000000000000000000000,3946,1837,922,223,138
2809,2809_0,ABANDONED,SOBOL,,,,1198,2535,413,74,80
2810,2810_0,COMPLETED,SOBOL,0.330000000000000015543122344752,210.000000000000000000000000000000,0.040000000000000000832667268469,4834,3385,598,188,168
2811,2811_0,ABANDONED,SOBOL,,,,3296,102,360,58,218
2812,2812_0,COMPLETED,SOBOL,0.569999999999999951150186916493,280.000000000000000000000000000000,0.540000000000000035527136788005,1873,4276,850,143,4
2813,2813_0,ABANDONED,SOBOL,,,,1296,1439,282,209,222
2814,2814_0,COMPLETED,SOBOL,0.340000000000000024424906541753,196.000000000000000000000000000000,0.040000000000000000832667268469,3536,2938,772,123,62
2815,2815_0,ABANDONED,SOBOL,,,,579,4410,520,44,147
2816,2816_0,ABANDONED,SOBOL,,,,643,363,969,17,174
2817,2817_0,COMPLETED,SOBOL,0.309999999999999997779553950750,262.000000000000000000000000000000,0.050000000000000002775557561563,4214,4010,460,164,107
2818,2818_0,COMPLETED,SOBOL,0.320000000000000006661338147751,105.000000000000000000000000000000,0.000000000000000000000000000000,2666,1977,713,93,26
2819,2819_0,COMPLETED,SOBOL,0.320000000000000006661338147751,187.000000000000000000000000000000,0.029999999999999998889776975375,2485,3651,208,241,192
2820,2820_0,ABANDONED,SOBOL,,,,2258,2127,811,52,90
2821,2821_0,COMPLETED,SOBOL,0.320000000000000006661338147751,196.000000000000000000000000000000,0.029999999999999998889776975375,2593,3500,306,154,132
2822,2822_0,ABANDONED,SOBOL,,,,4279,533,559,100,239
2823,2823_0,COMPLETED,SOBOL,0.309999999999999997779553950750,200.000000000000000000000000000000,0.029999999999999998889776975375,867,3839,49,201,46
2824,2824_0,COMPLETED,SOBOL,0.330000000000000015543122344752,67.000000000000000000000000000000,0.040000000000000000832667268469,336,1089,499,233,9
2825,2825_0,ABANDONED,SOBOL,,,,4501,4533,992,70,208
2826,2826_0,COMPLETED,SOBOL,0.320000000000000006661338147751,74.000000000000000000000000000000,0.000000000000000000000000000000,3628,1258,246,187,158
2827,2827_0,ABANDONED,SOBOL,,,,1542,3119,737,24,122
2828,2828_0,COMPLETED,SOBOL,0.359999999999999986677323704498,248.000000000000000000000000000000,0.239999999999999991118215802999,3205,4125,627,246,65
2829,2829_0,ABANDONED,SOBOL,,,,4918,2408,390,3,52
2830,2830_0,ABANDONED,SOBOL,,,,246,3215,883,167,228
2831,2831_0,ABANDONED,SOBOL,,,,975,1715,575,135,202
2832,2832_0,COMPLETED,SOBOL,0.320000000000000006661338147751,162.000000000000000000000000000000,0.000000000000000000000000000000,3882,2657,65,34,20
2833,2833_0,COMPLETED,SOBOL,0.330000000000000015543122344752,49.000000000000000000000000000000,0.209999999999999992228438827624,2997,633,826,212,101
2834,2834_0,ABANDONED,SOBOL,,,,2152,4994,321,111,183
2835,2835_0,COMPLETED,SOBOL,0.320000000000000006661338147751,102.000000000000000000000000000000,0.000000000000000000000000000000,2095,1768,12,21,8
2836,2836_0,ABANDONED,SOBOL,,,,3056,2604,501,184,214
2837,2837_0,ABANDONED,SOBOL,,,,3822,882,264,66,171
2838,2838_0,COMPLETED,SOBOL,0.299999999999999988897769753748,273.000000000000000000000000000000,0.010000000000000000208166817117,1035,4745,757,229,112
2839,2839_0,COMPLETED,SOBOL,0.369999999999999995559107901499,21.000000000000000000000000000000,0.059999999999999997779553950750,187,32,698,198,84
2840,2840_0,ABANDONED,SOBOL,,,,4978,4345,189,96,134
2841,2841_0,ABANDONED,SOBOL,,,,3146,2305,951,150,248
2842,2842_0,COMPLETED,SOBOL,0.340000000000000024424906541753,212.000000000000000000000000000000,0.020000000000000000416333634234,1686,3317,445,49,32
2843,2843_0,ABANDONED,SOBOL,,,,1484,1144,935,115,189
2844,2844_0,COMPLETED,SOBOL,0.450000000000000011102230246252,277.000000000000000000000000000000,0.280000000000000026645352591004,3685,4479,429,216,29
2845,2845_0,ABANDONED,SOBOL,,,,4442,1507,683,38,102
2846,2846_0,COMPLETED,SOBOL,0.320000000000000006661338147751,104.000000000000000000000000000000,0.000000000000000000000000000000,807,1907,373,172,144
2847,2847_0,ABANDONED,SOBOL,,,,4338,3720,867,8,78
2848,2848_0,COMPLETED,SOBOL,0.419999999999999984456877655248,50.000000000000000000000000000000,0.569999999999999951150186916493,2537,430,121,250,58
2849,2849_0,ABANDONED,SOBOL,,,,2316,3942,610,86,227
2850,2850_0,COMPLETED,SOBOL,0.320000000000000006661338147751,43.000000000000000000000000000000,0.000000000000000000000000000000,2387,621,406,147,119
2851,2851_0,ABANDONED,SOBOL,,,,2762,3751,896,62,162
2852,2852_0,COMPLETED,SOBOL,0.320000000000000006661338147751,204.000000000000000000000000000000,0.010000000000000000208166817117,743,3587,644,107,14
2853,2853_0,COMPLETED,SOBOL,0.320000000000000006661338147751,79.000000000000000000000000000000,0.000000000000000000000000000000,479,1347,843,79,42
2854,2854_0,ABANDONED,SOBOL,,,,4685,3031,334,227,242
2855,2855_0,ABANDONED,SOBOL,,,,3440,1003,587,31,127
2856,2856_0,COMPLETED,SOBOL,0.320000000000000006661338147751,134.000000000000000000000000000000,0.000000000000000000000000000000,1778,2496,540,237,188
2857,2857_0,COMPLETED,SOBOL,0.569999999999999951150186916493,89.000000000000000000000000000000,0.930000000000000048849813083507,4735,165,796,160,23
2858,2858_0,ABANDONED,SOBOL,,,,102,4212,287,13,199
2859,2859_0,COMPLETED,SOBOL,0.309999999999999997779553950750,282.000000000000000000000000000000,0.050000000000000002775557561563,4045,4906,722,127,48
2860,2860_0,COMPLETED,SOBOL,0.320000000000000006661338147751,94.000000000000000000000000000000,0.000000000000000000000000000000,2829,1628,484,120,68
2861,2861_0,COMPLETED,SOBOL,0.320000000000000006661338147751,137.000000000000000000000000000000,0.000000000000000000000000000000,2022,2745,974,206,150
2862,2862_0,ABANDONED,SOBOL,,,,1991,2291,468,89,213
2863,2863_0,COMPLETED,SOBOL,0.550000000000000044408920985006,245.000000000000000000000000000000,0.829999999999999960031971113494,2866,3332,961,236,5
2864,2864_0,ABANDONED,SOBOL,,,,4014,57,215,10,111
2865,2865_0,ABANDONED,SOBOL,,,,1136,4320,705,157,169
2866,2866_0,ABANDONED,SOBOL,,,,144,906,780,130,137
2867,2867_0,ABANDONED,SOBOL,,,,4688,4720,275,43,85
2868,2868_0,COMPLETED,SOBOL,0.369999999999999995559107901499,105.000000000000000000000000000000,0.170000000000000012212453270877,3434,1754,528,206,35
2869,2869_0,COMPLETED,SOBOL,0.320000000000000006661338147751,31.000000000000000000000000000000,0.000000000000000000000000000000,1351,416,606,62,30
2870,2870_0,ABANDONED,SOBOL,,,,4643,1932,858,110,179
2871,2871_0,COMPLETED,SOBOL,0.309999999999999997779553950750,193.000000000000000000000000000000,0.010000000000000000208166817117,526,3695,353,195,105
2872,2872_0,COMPLETED,SOBOL,0.330000000000000015543122344752,91.000000000000000000000000000000,0.010000000000000000208166817117,774,1531,168,224,75
2873,2873_0,ABANDONED,SOBOL,,,,4079,2846,658,76,143
2874,2874_0,ABANDONED,SOBOL,,,,2794,1129,421,178,224
2875,2875_0,ABANDONED,SOBOL,,,,2351,4493,914,30,56
2876,2876_0,ABANDONED,SOBOL,,,,2573,4683,567,118,121
2877,2877_0,COMPLETED,SOBOL,0.320000000000000006661338147751,78.000000000000000000000000000000,0.000000000000000000000000000000,4306,1400,329,140,15
2878,2878_0,ABANDONED,SOBOL,,,,843,2977,819,39,207
2879,2879_0,ABANDONED,SOBOL,,,,437,2094,635,7,239
2880,2880_0,COMPLETED,SOBOL,0.359999999999999986677323704498,198.000000000000000000000000000000,0.100000000000000005551115123126,4396,3534,129,170,42
2881,2881_0,ABANDONED,SOBOL,,,,3727,558,891,83,91
2882,2882_0,COMPLETED,SOBOL,0.309999999999999997779553950750,213.000000000000000000000000000000,0.020000000000000000416333634234,1438,3814,382,247,127
2883,2883_0,COMPLETED,SOBOL,0.320000000000000006661338147751,89.000000000000000000000000000000,0.000000000000000000000000000000,1644,1564,1000,181,95
2884,2884_0,ABANDONED,SOBOL,,,,3193,2808,491,18,185
2885,2885_0,COMPLETED,SOBOL,0.320000000000000006661338147751,52.000000000000000000000000000000,0.000000000000000000000000000000,4937,775,744,228,198
2886,2886_0,COMPLETED,SOBOL,0.299999999999999988897769753748,254.000000000000000000000000000000,0.000000000000000000000000000000,234,4852,239,65,20
2887,2887_0,COMPLETED,SOBOL,0.450000000000000011102230246252,35.000000000000000000000000000000,0.160000000000000003330669073875,1066,219,314,97,50
2888,2888_0,ABANDONED,SOBOL,,,,3785,4159,803,199,234
2889,2889_0,COMPLETED,SOBOL,0.320000000000000006661338147751,154.000000000000000000000000000000,0.029999999999999998889776975375,2058,3190,551,153,69
2890,2890_0,ABANDONED,SOBOL,,,,2115,126,874,244,245
2891,2891_0,COMPLETED,SOBOL,0.309999999999999997779553950750,225.000000000000000000000000000000,0.040000000000000000832667268469,3030,4251,365,80,39
2892,2892_0,COMPLETED,SOBOL,0.320000000000000006661338147751,116.000000000000000000000000000000,0.000000000000000000000000000000,3845,2223,618,167,81
2893,2893_0,ABANDONED,SOBOL,,,,292,1823,437,35,165
2894,2894_0,COMPLETED,SOBOL,0.320000000000000006661338147751,134.000000000000000000000000000000,0.000000000000000000000000000000,4876,2550,927,136,115
2895,2895_0,COMPLETED,SOBOL,0.599999999999999977795539507497,269.000000000000000000000000000000,1.000000000000000000000000000000,3251,839,181,114,1
2896,2896_0,ABANDONED,SOBOL,,,,1587,4789,675,215,217
2897,2897_0,COMPLETED,SOBOL,0.320000000000000006661338147751,107.000000000000000000000000000000,0.000000000000000000000000000000,1496,2001,197,157,61
2898,2898_0,ABANDONED,SOBOL,,,,3669,3626,690,55,220
2899,2899_0,COMPLETED,SOBOL,0.320000000000000006661338147751,31.000000000000000000000000000000,0.000000000000000000000000000000,4455,348,453,203,146
2900,2900_0,COMPLETED,SOBOL,0.309999999999999997779553950750,198.000000000000000000000000000000,0.000000000000000000000000000000,377,4024,943,101,71
2901,2901_0,ABANDONED,SOBOL,,,,904,1198,509,70,110
2902,2902_0,ABANDONED,SOBOL,,,,2630,1464,765,22,195
2903,2903_0,COMPLETED,SOBOL,0.320000000000000006661338147751,155.000000000000000000000000000000,0.059999999999999997779553950750,2226,2914,256,185,26
2904,2904_0,ABANDONED,SOBOL,,,,2448,1312,729,124,131
2905,2905_0,COMPLETED,SOBOL,0.280000000000000026645352591004,160.000000000000000000000000000000,0.070000000000000006661338147751,2698,3065,220,211,87
2906,2906_0,COMPLETED,SOBOL,0.320000000000000006661338147751,62.000000000000000000000000000000,0.000000000000000000000000000000,4177,1026,982,48,45
2907,2907_0,ABANDONED,SOBOL,,,,675,4596,476,134,236
2908,2908_0,COMPLETED,SOBOL,0.320000000000000006661338147751,217.000000000000000000000000000000,0.000000000000000000000000000000,4545,3903,532,14,10
2909,2909_0,COMPLETED,SOBOL,0.320000000000000006661338147751,127.000000000000000000000000000000,0.000000000000000000000000000000,3582,2181,295,240,125
2910,2910_0,ABANDONED,SOBOL,,,,1255,3446,789,93,160
2911,2911_0,ABANDONED,SOBOL,,,,1827,687,342,26,66
2912,2912_0,COMPLETED,SOBOL,0.299999999999999988897769753748,308.000000000000000000000000000000,0.040000000000000000832667268469,3337,4941,836,175,156
2913,2913_0,COMPLETED,SOBOL,0.320000000000000006661338147751,146.000000000000000000000000000000,0.000000000000000000000000000000,45,2721,579,220,55
2914,2914_0,COMPLETED,SOBOL,0.340000000000000024424906541753,152.000000000000000000000000000000,0.020000000000000000416333634234,1235,2344,904,192,17
2915,2915_0,ABANDONED,SOBOL,,,,3914,3278,398,106,201
2916,2916_0,ABANDONED,SOBOL,,,,2963,306,651,144,180
2917,2917_0,ABANDONED,SOBOL,,,,1895,4071,142,59,100
2918,2918_0,COMPLETED,SOBOL,0.609999999999999986677323704498,206.000000000000000000000000000000,0.859999999999999986677323704498,1882,297,367,215,4
2919,2919_0,ABANDONED,SOBOL,,,,2952,4083,872,114,217
2920,2920_0,ABANDONED,SOBOL,,,,1241,3269,620,35,117
2921,2921_0,ABANDONED,SOBOL,,,,59,1642,929,3,80
2922,2922_0,COMPLETED,SOBOL,0.320000000000000006661338147751,140.000000000000000000000000000000,0.000000000000000000000000000000,4799,2732,436,166,137
2923,2923_0,ABANDONED,SOBOL,,,,3329,698,673,80,244
2924,2924_0,COMPLETED,SOBOL,0.450000000000000011102230246252,293.000000000000000000000000000000,0.130000000000000004440892098501,1821,4932,183,243,37
2925,2925_0,ABANDONED,SOBOL,,,,1260,2173,689,185,193
2926,2926_0,ABANDONED,SOBOL,,,,3591,3457,199,21,25
2927,2927_0,COMPLETED,SOBOL,0.469999999999999973354647408996,62.000000000000000000000000000000,0.489999999999999991118215802999,4534,481,945,233,106
2928,2928_0,ABANDONED,SOBOL,,,,612,3894,451,69,174
2929,2929_0,COMPLETED,SOBOL,0.320000000000000006661338147751,288.000000000000000000000000000000,0.050000000000000002775557561563,4169,4607,511,202,74
2930,2930_0,ABANDONED,SOBOL,,,,2709,1323,258,56,61
2931,2931_0,ABANDONED,SOBOL,,,,2461,3057,763,156,223
2932,2932_0,ABANDONED,SOBOL,,,,2213,1455,222,92,122
2933,2933_0,COMPLETED,SOBOL,0.299999999999999988897769753748,164.000000000000000000000000000000,0.029999999999999998889776975375,2619,2924,728,240,158
2934,2934_0,ABANDONED,SOBOL,,,,4256,1208,475,13,208
2935,2935_0,COMPLETED,SOBOL,0.309999999999999997779553950750,257.000000000000000000000000000000,0.029999999999999998889776975375,909,4416,983,162,10
2936,2936_0,COMPLETED,SOBOL,0.349999999999999977795539507497,36.000000000000000000000000000000,0.050000000000000002775557561563,390,340,535,133,46
2937,2937_0,COMPLETED,SOBOL,0.320000000000000006661338147751,121.000000000000000000000000000000,0.000000000000000000000000000000,3661,2012,786,210,132
2938,2938_0,COMPLETED,SOBOL,0.309999999999999997779553950750,204.000000000000000000000000000000,0.020000000000000000416333634234,1489,3618,297,125,90
2939,2939_0,ABANDONED,SOBOL,,,,1593,830,833,58,184
2940,2940_0,COMPLETED,SOBOL,0.289999999999999980015985556747,249.000000000000000000000000000000,0.040000000000000000832667268469,3259,4799,344,144,101
2941,2941_0,COMPLETED,SOBOL,0.320000000000000006661338147751,97.000000000000000000000000000000,0.000000000000000000000000000000,4865,1834,581,106,19
2942,2942_0,ABANDONED,SOBOL,,,,1001,2215,396,220,229
2943,2943_0,COMPLETED,SOBOL,0.309999999999999997779553950750,215.000000000000000000000000000000,0.040000000000000000832667268469,3837,3411,906,72,52
2944,2944_0,COMPLETED,SOBOL,0.520000000000000017763568394003,48.000000000000000000000000000000,0.760000000000000008881784197001,3040,137,144,174,64
2945,2945_0,ABANDONED,SOBOL,,,,2129,4243,650,26,153
2946,2946_0,COMPLETED,SOBOL,0.320000000000000006661338147751,152.000000000000000000000000000000,0.029999999999999998889776975375,2069,2424,959,121,32
2947,2947_0,ABANDONED,SOBOL,,,,3101,3200,469,206,248
2948,2948_0,ABANDONED,SOBOL,,,,3779,229,707,44,134
2949,2949_0,COMPLETED,SOBOL,0.299999999999999988897769753748,224.000000000000000000000000000000,0.010000000000000000208166817117,1058,4150,214,129,84
2950,2950_0,COMPLETED,SOBOL,0.320000000000000006661338147751,48.000000000000000000000000000000,0.000000000000000000000000000000,222,767,272,158,112
2951,2951_0,ABANDONED,SOBOL,,,,4923,4863,782,10,172
2952,2952_0,COMPLETED,SOBOL,0.349999999999999977795539507497,152.000000000000000000000000000000,0.020000000000000000416333634234,1653,2800,526,88,8
2953,2953_0,COMPLETED,SOBOL,0.299999999999999988897769753748,200.000000000000000000000000000000,0.050000000000000002775557561563,3720,3825,603,178,58
2954,2954_0,ABANDONED,SOBOL,,,,4410,2105,350,76,79
2955,2955_0,COMPLETED,SOBOL,0.320000000000000006661338147751,180.000000000000000000000000000000,0.010000000000000000208166817117,448,3525,860,224,143
2956,2956_0,COMPLETED,SOBOL,0.320000000000000006661338147751,82.000000000000000000000000000000,0.000000000000000000000000000000,852,1392,660,196,177
2957,2957_0,COMPLETED,SOBOL,0.349999999999999977795539507497,174.000000000000000000000000000000,0.040000000000000000832667268469,4312,2988,167,110,103
2958,2958_0,COMPLETED,SOBOL,0.320000000000000006661338147751,64.000000000000000000000000000000,0.059999999999999997779553950750,2560,950,913,148,30
2959,2959_0,ABANDONED,SOBOL,,,,2273,4675,423,62,188
2960,2960_0,COMPLETED,SOBOL,0.320000000000000006661338147751,69.000000000000000000000000000000,0.029999999999999998889776975375,2361,1120,565,247,94
2961,2961_0,ABANDONED,SOBOL,,,,4072,1543,821,170,242
2962,2962_0,ABANDONED,SOBOL,,,,766,2837,327,7,42
2963,2963_0,COMPLETED,SOBOL,0.320000000000000006661338147751,106.000000000000000000000000000000,0.000000000000000000000000000000,514,1923,128,39,14
2964,2964_0,ABANDONED,SOBOL,,,,4630,3706,637,140,204
2965,2965_0,ABANDONED,SOBOL,,,,3493,427,384,118,162
2966,2966_0,COMPLETED,SOBOL,0.309999999999999997779553950750,210.000000000000000000000000000000,0.020000000000000000416333634234,1360,3948,889,219,118
2967,2967_0,COMPLETED,SOBOL,0.320000000000000006661338147751,95.000000000000000000000000000000,0.000000000000000000000000000000,1723,1745,493,153,149
2968,2968_0,ABANDONED,SOBOL,,,,3428,2630,998,52,69
2969,2969_0,COMPLETED,SOBOL,0.340000000000000024424906541753,68.000000000000000000000000000000,0.200000000000000011102230246252,4702,918,237,198,48
2970,2970_0,ABANDONED,SOBOL,,,,155,4712,746,98,232
2971,2971_0,ABANDONED,SOBOL,,,,1145,48,805,65,198
2972,2972_0,COMPLETED,SOBOL,0.460000000000000019984014443253,281.000000000000000000000000000000,0.330000000000000015543122344752,4020,4331,311,229,23
2973,2973_0,ABANDONED,SOBOL,,,,2852,2302,549,17,97
2974,2974_0,ABANDONED,SOBOL,,,,2016,1638,503,49,249
2975,2975_0,COMPLETED,SOBOL,0.320000000000000006661338147751,46.000000000000000000000000000000,0.000000000000000000000000000000,4057,713,755,96,85
2976,2976_0,COMPLETED,SOBOL,0.309999999999999997779553950750,274.000000000000000000000000000000,0.010000000000000000208166817117,1113,4916,266,197,137
2977,2977_0,COMPLETED,SOBOL,0.330000000000000015543122344752,23.000000000000000000000000000000,0.010000000000000000208166817117,108,176,191,230,169
2978,2978_0,ABANDONED,SOBOL,,,,4743,4204,696,66,111
2979,2979_0,COMPLETED,SOBOL,0.510000000000000008881784197001,167.000000000000000000000000000000,0.760000000000000008881784197001,3382,2488,443,184,4
2980,2980_0,ABANDONED,SOBOL,,,,1764,3137,952,20,213
2981,2981_0,COMPLETED,SOBOL,0.320000000000000006661338147751,62.000000000000000000000000000000,0.000000000000000000000000000000,1406,1013,428,87,57
2982,2982_0,COMPLETED,SOBOL,0.299999999999999988897769753748,285.000000000000000000000000000000,0.040000000000000000832667268469,3451,4611,937,250,223
2983,2983_0,ABANDONED,SOBOL,,,,4676,1338,175,8,143
2984,2984_0,COMPLETED,SOBOL,0.309999999999999997779553950750,167.000000000000000000000000000000,0.010000000000000000208166817117,473,3042,681,171,76
2985,2985_0,COMPLETED,SOBOL,0.320000000000000006661338147751,117.000000000000000000000000000000,0.000000000000000000000000000000,729,2051,864,139,105
2986,2986_0,ABANDONED,SOBOL,,,,4104,3579,375,37,178
2987,2987_0,COMPLETED,SOBOL,0.320000000000000006661338147751,43.000000000000000000000000000000,0.000000000000000000000000000000,2771,613,613,216,191
2988,2988_0,COMPLETED,SOBOL,0.309999999999999997779553950750,205.000000000000000000000000000000,0.029999999999999998889776975375,2394,3762,119,114,31
2989,2989_0,COMPLETED,SOBOL,0.320000000000000006661338147751,35.000000000000000000000000000000,0.000000000000000000000000000000,2310,442,898,179,127
2990,2990_0,ABANDONED,SOBOL,,,,2528,3933,404,31,91
2991,2991_0,COMPLETED,SOBOL,0.369999999999999995559107901499,121.000000000000000000000000000000,0.170000000000000012212453270877,4349,1899,642,226,41
2992,2992_0,ABANDONED,SOBOL,,,,402,1518,336,107,207
2993,2993_0,COMPLETED,SOBOL,0.380000000000000004440892098501,192.000000000000000000000000000000,0.089999999999999996669330926125,4451,2861,841,193,14
2994,2994_0,ABANDONED,SOBOL,,,,1470,4490,589,147,163
2995,2995_0,ABANDONED,SOBOL,,,,3158,3309,542,120,152
2996,2996_0,ABANDONED,SOBOL,,,,4969,24,289,126,233
2997,2997_0,ABANDONED,SOBOL,,,,181,4356,794,41,51
2998,2998_0,ABANDONED,SOBOL,,,,1021,893,720,12,21
2999,2999_0,ABANDONED,SOBOL,,,,3811,4736,230,161,197
3000,3000_0,ABANDONED,SOBOL,,,,3064,1760,976,89,185
3001,3001_0,COMPLETED,SOBOL,0.309999999999999997779553950750,162.000000000000000000000000000000,0.029999999999999998889776975375,2101,2615,482,237,96
3002,3002_0,COMPLETED,SOBOL,0.489999999999999991118215802999,309.000000000000000000000000000000,0.510000000000000008881784197001,3004,4986,668,57,1
3003,3003_0,COMPLETED,SOBOL,0.320000000000000006661338147751,99.000000000000000000000000000000,0.000000000000000000000000000000,3869,1706,415,189,116
3004,3004_0,ABANDONED,SOBOL,,,,965,2669,920,103,165
3005,3005_0,ABANDONED,SOBOL,,,,238,2419,596,75,140
3006,3006_0,COMPLETED,SOBOL,0.340000000000000024424906541753,176.000000000000000000000000000000,0.100000000000000005551115123126,4912,3206,106,223,81
3007,3007_0,ABANDONED,SOBOL,,,,3218,244,852,28,39
3008,3008_0,ABANDONED,SOBOL,,,,1640,4136,358,175,245
3009,3009_0,COMPLETED,SOBOL,0.349999999999999977795539507497,83.000000000000000000000000000000,0.070000000000000006661338147751,1531,1269,774,242,26
3010,3010_0,ABANDONED,SOBOL,,,,3615,3111,280,93,196
3011,3011_0,ABANDONED,SOBOL,,,,4508,1081,518,165,175
3012,3012_0,ABANDONED,SOBOL,,,,878,544,462,45,71
3013,3013_0,ABANDONED,SOBOL,,,,4292,3831,967,130,147
3014,3014_0,COMPLETED,SOBOL,0.320000000000000006661338147751,194.000000000000000000000000000000,0.230000000000000009992007221626,2249,3511,715,209,60
3015,3015_0,ABANDONED,SOBOL,,,,2493,1987,304,24,159
3016,3016_0,COMPLETED,SOBOL,0.320000000000000006661338147751,235.000000000000000000000000000000,0.029999999999999998889776975375,2672,3642,813,188,125
3017,3017_0,COMPLETED,SOBOL,0.320000000000000006661338147751,28.000000000000000000000000000000,0.000000000000000000000000000000,4200,354,52,70,11
3018,3018_0,COMPLETED,SOBOL,0.299999999999999988897769753748,238.000000000000000000000000000000,0.010000000000000000208166817117,632,4020,557,234,211
3019,3019_0,ABANDONED,SOBOL,,,,570,1223,991,201,235
3020,3020_0,COMPLETED,SOBOL,0.309999999999999997779553950750,224.000000000000000000000000000000,0.059999999999999997779553950750,4581,4402,501,101,45
3021,3021_0,COMPLETED,SOBOL,0.320000000000000006661338147751,91.000000000000000000000000000000,0.000000000000000000000000000000,3549,1431,738,154,87
3022,3022_0,ABANDONED,SOBOL,,,,1307,2949,245,53,131
3023,3023_0,COMPLETED,SOBOL,0.429999999999999993338661852249,32.000000000000000000000000000000,0.170000000000000012212453270877,1863,112,629,111,99
3024,3024_0,ABANDONED,SOBOL,,,,4840,2229,881,34,201
3025,3025_0,COMPLETED,SOBOL,0.320000000000000006661338147751,186.000000000000000000000000000000,0.000000000000000000000000000000,12,3395,391,136,16
3026,3026_0,COMPLETED,SOBOL,0.320000000000000006661338147751,103.000000000000000000000000000000,0.000000000000000000000000000000,1209,1849,67,167,55
3027,3027_0,ABANDONED,SOBOL,,,,3959,2527,572,4,230
3028,3028_0,COMPLETED,SOBOL,0.330000000000000015543122344752,54.000000000000000000000000000000,0.059999999999999997779553950750,2920,806,319,246,156
3029,3029_0,COMPLETED,SOBOL,0.299999999999999988897769753748,328.000000000000000000000000000000,0.020000000000000000416333634234,1918,4824,829,83,65
3030,3030_0,ABANDONED,SOBOL,,,,2897,3549,591,68,86
3031,3031_0,COMPLETED,SOBOL,0.540000000000000035527136788005,84.000000000000000000000000000000,0.650000000000000022204460492503,3976,582,330,186,34
3032,3032_0,ABANDONED,SOBOL,,,,1189,3790,839,22,250
3033,3033_0,ABANDONED,SOBOL,,,,33,963,648,55,212
3034,3034_0,COMPLETED,SOBOL,0.510000000000000008881784197001,326.000000000000000000000000000000,0.390000000000000013322676295502,4824,4660,154,156,6
3035,3035_0,ABANDONED,SOBOL,,,,3305,1385,892,103,110
3036,3036_0,COMPLETED,SOBOL,0.349999999999999977795539507497,167.000000000000000000000000000000,0.020000000000000000416333634234,1844,2992,402,203,170
3037,3037_0,COMPLETED,SOBOL,0.500000000000000000000000000000,49.000000000000000000000000000000,0.289999999999999980015985556747,1325,203,970,138,76
3038,3038_0,ABANDONED,SOBOL,,,,3526,4174,480,36,141
3039,3039_0,ABANDONED,SOBOL,,,,4596,2457,726,214,224
3040,3040_0,COMPLETED,SOBOL,0.309999999999999997779553950750,209.000000000000000000000000000000,0.010000000000000000208166817117,550,3165,232,113,56
3041,3041_0,COMPLETED,SOBOL,0.320000000000000006661338147751,89.000000000000000000000000000000,0.000000000000000000000000000000,652,1588,283,81,31
3042,3042_0,COMPLETED,SOBOL,0.320000000000000006661338147751,161.000000000000000000000000000000,0.000000000000000000000000000000,4184,2785,792,244,190
3043,3043_0,COMPLETED,SOBOL,0.299999999999999988897769753748,289.000000000000000000000000000000,0.029999999999999998889776975375,2475,4867,544,165,105
3044,3044_0,ABANDONED,SOBOL,,,,2229,922,441,105,241
3045,3045_0,COMPLETED,SOBOL,0.309999999999999997779553950750,239.000000000000000000000000000000,0.029999999999999998889776975375,2603,4705,947,191,40
3046,3046_0,ABANDONED,SOBOL,,,,4269,1730,193,59,92
3047,3047_0,COMPLETED,SOBOL,0.320000000000000006661338147751,167.000000000000000000000000000000,0.000000000000000000000000000000,896,2643,702,145,126
3048,3048_0,COMPLETED,SOBOL,0.320000000000000006661338147751,123.000000000000000000000000000000,0.000000000000000000000000000000,326,2267,753,173,164
3049,3049_0,ABANDONED,SOBOL,,,,4531,3355,260,26,120
3050,3050_0,COMPLETED,SOBOL,0.589999999999999968913755310496,89.000000000000000000000000000000,0.930000000000000048849813083507,3599,72,505,221,15
3051,3051_0,ABANDONED,SOBOL,,,,1619,1547,615,15,50
3052,3052_0,ABANDONED,SOBOL,,,,4888,1105,863,91,151
3053,3053_0,COMPLETED,SOBOL,0.309999999999999997779553950750,250.000000000000000000000000000000,0.010000000000000000208166817117,256,4517,369,240,71
3054,3054_0,COMPLETED,SOBOL,0.380000000000000004440892098501,42.000000000000000000000000000000,0.130000000000000004440892098501,946,392,177,211,95
3055,3055_0,ABANDONED,SOBOL,,,,3892,3980,687,126,185
3056,3056_0,ABANDONED,SOBOL,,,,2988,1947,426,132,196
3057,3057_0,COMPLETED,SOBOL,0.320000000000000006661338147751,186.000000000000000000000000000000,0.029999999999999998889776975375,2181,3680,931,47,22
3058,3058_0,ABANDONED,SOBOL,,,,2085,495,740,77,166
3059,3059_0,COMPLETED,SOBOL,0.320000000000000006661338147751,217.000000000000000000000000000000,0.040000000000000000832667268469,3085,3878,251,224,114
3060,3060_0,COMPLETED,SOBOL,0.380000000000000004440892098501,123.000000000000000000000000000000,0.029999999999999998889776975375,3792,2167,989,29,2
3061,3061_0,ABANDONED,SOBOL,,,,1045,3460,495,177,216
3062,3062_0,COMPLETED,SOBOL,0.349999999999999977795539507497,167.000000000000000000000000000000,0.040000000000000000832667268469,4988,3079,563,63,38
3063,3063_0,COMPLETED,SOBOL,0.309999999999999997779553950750,65.000000000000000000000000000000,0.040000000000000000832667268469,3137,1051,302,195,83
3064,3064_0,ABANDONED,SOBOL,,,,1715,4571,807,109,139
3065,3065_0,ABANDONED,SOBOL,,,,1455,2370,317,43,108
3066,3066_0,ABANDONED,SOBOL,,,,3695,3253,823,128,176
3067,3067_0,COMPLETED,SOBOL,0.400000000000000022204460492503,250.000000000000000000000000000000,0.059999999999999997779553950750,425,4085,578,207,27
3068,3068_0,COMPLETED,SOBOL,0.440000000000000002220446049250,76.000000000000000000000000000000,0.260000000000000008881784197001,797,673,879,236,59
3069,3069_0,ABANDONED,SOBOL,,,,4367,4954,386,87,221
3070,3070_0,COMPLETED,SOBOL,0.320000000000000006661338147751,104.000000000000000000000000000000,0.000000000000000000000000000000,2508,1676,631,159,146
3071,3071_0,ABANDONED,SOBOL,,,,2326,2696,141,10,72
3072,3072_0,ABANDONED,SOBOL,,,,2416,1797,846,199,210
3073,3073_0,COMPLETED,SOBOL,0.320000000000000006661338147751,143.000000000000000000000000000000,0.029999999999999998889776975375,2752,2575,356,99,12
3074,3074_0,COMPLETED,SOBOL,0.320000000000000006661338147751,55.000000000000000000000000000000,0.000000000000000000000000000000,4125,853,602,151,124
3075,3075_0,ABANDONED,SOBOL,,,,489,140,409,18,129
3076,3076_0,COMPLETED,SOBOL,0.320000000000000006661338147751,222.000000000000000000000000000000,0.050000000000000002775557561563,4656,4238,919,182,88
3077,3077_0,COMPLETED,SOBOL,0.320000000000000006661338147751,121.000000000000000000000000000000,0.000000000000000000000000000000,3469,2198,165,64,44
3078,3078_0,ABANDONED,SOBOL,,,,1383,3424,670,228,236
3079,3079_0,COMPLETED,SOBOL,0.320000000000000006661338147751,69.000000000000000000000000000000,0.000000000000000000000000000000,1788,1173,212,169,17
3080,3080_0,ABANDONED,SOBOL,,,,3363,4449,717,6,200
3081,3081_0,COMPLETED,SOBOL,0.320000000000000006661338147751,92.000000000000000000000000000000,0.000000000000000000000000000000,4764,1478,456,248,182
3082,3082_0,ABANDONED,SOBOL,,,,92,2899,965,85,98
3083,3083_0,COMPLETED,SOBOL,0.320000000000000006661338147751,115.000000000000000000000000000000,0.000000000000000000000000000000,1129,2015,524,116,66
3084,3084_0,ABANDONED,SOBOL,,,,2839,323,768,40,231
3085,3085_0,COMPLETED,SOBOL,0.299999999999999988897769753748,248.000000000000000000000000000000,0.020000000000000000416333634234,1993,4049,278,141,53
3086,3086_0,ABANDONED,SOBOL,,,,1962,1066,784,9,117
3087,3087_0,COMPLETED,SOBOL,0.320000000000000006661338147751,239.000000000000000000000000000000,0.040000000000000000832667268469,2876,4557,291,172,167
3088,3088_0,ABANDONED,SOBOL,,,,4004,1274,536,86,219
3089,3089_0,COMPLETED,SOBOL,0.589999999999999968913755310496,231.000000000000000000000000000000,0.719999999999999973354647408996,1166,3104,47,249,3
3090,3090_0,COMPLETED,SOBOL,0.309999999999999997779553950750,113.000000000000000000000000000000,0.000000000000000000000000000000,134,2142,473,217,37
3091,3091_0,ABANDONED,SOBOL,,,,4717,3485,978,116,243
3092,3092_0,ABANDONED,SOBOL,,,,3405,509,224,138,139
3093,3093_0,ABANDONED,SOBOL,,,,1741,3863,734,37,79
3094,3094_0,COMPLETED,SOBOL,0.320000000000000006661338147751,144.000000000000000000000000000000,0.000000000000000000000000000000,3516,2682,655,196,107
3095,3095_0,COMPLETED,SOBOL,0.320000000000000006661338147751,43.000000000000000000000000000000,0.000000000000000000000000000000,4614,648,395,50,24
3096,3096_0,ABANDONED,SOBOL,,,,536,4979,900,151,194
3097,3097_0,ABANDONED,SOBOL,,,,745,267,583,183,222
3098,3098_0,ABANDONED,SOBOL,,,,4089,4109,93,19,62
3099,3099_0,COMPLETED,SOBOL,0.320000000000000006661338147751,130.000000000000000000000000000000,0.000000000000000000000000000000,2784,2384,831,231,73
3100,3100_0,ABANDONED,SOBOL,,,,2380,3238,338,67,149
3101,3101_0,COMPLETED,SOBOL,0.299999999999999988897769753748,120.000000000000000000000000000000,0.029999999999999998889776975375,2294,2261,679,127,9
3102,3102_0,COMPLETED,SOBOL,0.500000000000000000000000000000,30.000000000000000000000000000000,0.380000000000000004440892098501,4336,86,923,204,157
3103,3103_0,ABANDONED,SOBOL,,,,833,4291,433,119,123
3104,3104_0,COMPLETED,SOBOL,0.320000000000000006661338147751,51.000000000000000000000000000000,0.000000000000000000000000000000,467,799,117,90,89
3105,3105_0,COMPLETED,SOBOL,0.309999999999999997779553950750,314.000000000000000000000000000000,0.050000000000000002775557561563,4386,4828,622,239,132
3106,3106_0,ABANDONED,SOBOL,,,,3736,1861,361,12,237
3107,3107_0,COMPLETED,SOBOL,0.340000000000000024424906541753,180.000000000000000000000000000000,0.020000000000000000416333634234,1408,2511,870,160,47
3108,3108_0,COMPLETED,SOBOL,0.320000000000000006661338147751,30.000000000000000000000000000000,0.000000000000000000000000000000,1673,386,252,225,204
3109,3109_0,COMPLETED,SOBOL,0.309999999999999997779553950750,272.000000000000000000000000000000,0.040000000000000000832667268469,3183,3986,761,78,18
3110,3110_0,ABANDONED,SOBOL,,,,204,3666,513,32,183
3111,3111_0,ABANDONED,SOBOL,,,,1076,1424,939,60,155
3112,3112_0,COMPLETED,SOBOL,0.349999999999999977795539507497,157.000000000000000000000000000000,0.040000000000000000832667268469,3756,2953,449,146,63
3113,3113_0,COMPLETED,SOBOL,0.320000000000000006661338147751,72.000000000000000000000000000000,0.000000000000000000000000000000,3116,1236,694,108,52
3114,3114_0,COMPLETED,SOBOL,0.320000000000000006661338147751,79.000000000000000000000000000000,0.000000000000000000000000000000,2144,1361,378,163,83
3115,3115_0,ABANDONED,SOBOL,,,,3020,3016,887,15,135
3116,3116_0,COMPLETED,SOBOL,0.309999999999999997779553950750,299.000000000000000000000000000000,0.010000000000000000208166817117,978,4645,639,94,33
3117,3117_0,COMPLETED,SOBOL,0.409999999999999975575093458247,57.000000000000000000000000000000,0.140000000000000013322676295502,302,597,815,123,7
3118,3118_0,ABANDONED,SOBOL,,,,4847,3776,325,208,215
3119,3119_0,ABANDONED,SOBOL,,,,3280,2054,570,46,171
3120,3120_0,COMPLETED,SOBOL,0.320000000000000006661338147751,48.000000000000000000000000000000,0.000000000000000000000000000000,1505,736,555,190,144
3121,3121_0,COMPLETED,SOBOL,0.320000000000000006661338147751,95.000000000000000000000000000000,0.000000000000000000000000000000,4485,1602,800,142,59
3122,3122_0,ABANDONED,SOBOL,,,,367,2770,309,56,226
3123,3123_0,ABANDONED,SOBOL,,,,933,2472,243,28,189
3124,3124_0,COMPLETED,SOBOL,0.359999999999999986677323704498,182.000000000000000000000000000000,0.040000000000000000832667268469,4237,3151,748,176,28
3125,3125_0,ABANDONED,SOBOL,,,,2640,179,487,74,104
3126,3126_0,COMPLETED,SOBOL,0.320000000000000006661338147751,223.000000000000000000000000000000,0.029999999999999998889776975375,2197,4198,996,221,177
3127,3127_0,ABANDONED,SOBOL,,,,2727,4359,531,134,241
3128,3128_0,ABANDONED,SOBOL,,,,4147,2331,270,111,129
3129,3129_0,COMPLETED,SOBOL,0.309999999999999997779553950750,185.000000000000000000000000000000,0.020000000000000000416333634234,684,3292,776,213,92
3130,3130_0,COMPLETED,SOBOL,0.330000000000000015543122344752,103.000000000000000000000000000000,0.010000000000000000208166817117,596,1793,709,245,119
3131,3131_0,ABANDONED,SOBOL,,,,4555,2579,219,82,162
3132,3132_0,ABANDONED,SOBOL,,,,3573,868,958,168,205
3133,3133_0,ABANDONED,SOBOL,,,,1284,4759,463,5,12
3134,3134_0,ABANDONED,SOBOL,,,,1798,1894,911,71,231
3135,3135_0,COMPLETED,SOBOL,0.440000000000000002220446049250,200.000000000000000000000000000000,0.289999999999999980015985556747,3346,3734,417,234,49
3136,3136_0,ABANDONED,SOBOL,,,,4778,456,662,23,68
3137,3137_0,COMPLETED,SOBOL,0.309999999999999997779553950750,186.000000000000000000000000000000,0.000000000000000000000000000000,75,3917,173,187,150
3138,3138_0,ABANDONED,SOBOL,,,,1225,1168,348,154,186
3139,3139_0,ABANDONED,SOBOL,,,,3944,4454,854,54,98
3140,3140_0,COMPLETED,SOBOL,0.330000000000000015543122344752,90.000000000000000000000000000000,0.070000000000000006661338147751,2934,1493,100,200,23
3141,3141_0,ABANDONED,SOBOL,,,,1904,2884,609,99,199
3142,3142_0,COMPLETED,SOBOL,0.340000000000000024424906541753,244.000000000000000000000000000000,0.110000000000000000555111512313,2938,4471,539,230,61
3143,3143_0,ABANDONED,SOBOL,,,,3939,1496,294,20,72
3144,3144_0,COMPLETED,SOBOL,0.320000000000000006661338147751,157.000000000000000000000000000000,0.000000000000000000000000000000,1230,2877,784,184,146
3145,3145_0,ABANDONED,SOBOL,,,,70,1876,732,150,174
3146,3146_0,ABANDONED,SOBOL,,,,4783,3746,227,49,110
3147,3147_0,COMPLETED,SOBOL,0.500000000000000000000000000000,72.000000000000000000000000000000,0.689999999999999946709294817992,3342,463,981,197,27
3148,3148_0,ABANDONED,SOBOL,,,,1803,3914,471,97,195
3149,3149_0,ABANDONED,SOBOL,,,,1289,1781,903,38,39
3150,3150_0,ABANDONED,SOBOL,,,,3568,2596,393,139,245
3151,3151_0,ABANDONED,SOBOL,,,,4560,871,654,115,141
3152,3152_0,COMPLETED,SOBOL,0.289999999999999980015985556747,232.000000000000000000000000000000,0.010000000000000000208166817117,591,4752,149,216,81
3153,3153_0,COMPLETED,SOBOL,0.320000000000000006661338147751,11.000000000000000000000000000000,0.000000000000000000000000000000,689,1,341,250,115
3154,3154_0,ABANDONED,SOBOL,,,,4142,4371,831,87,166
3155,3155_0,COMPLETED,SOBOL,0.569999999999999951150186916493,1379.000000000000000000000000000000,0.989999999999999991118215802999,2433,3289,586,8,1
3156,3156_0,COMPLETED,SOBOL,0.320000000000000006661338147751,128.000000000000000000000000000000,0.000000000000000000000000000000,2192,2469,432,193,156
3157,3157_0,COMPLETED,SOBOL,0.309999999999999997779553950750,165.000000000000000000000000000000,0.029999999999999998889776975375,2645,3158,926,107,66
3158,3158_0,COMPLETED,SOBOL,0.560000000000000053290705182008,62.000000000000000000000000000000,0.790000000000000035527136788005,4232,191,188,147,55
3159,3159_0,ABANDONED,SOBOL,,,,938,4181,678,61,229
3160,3160_0,ABANDONED,SOBOL,,,,362,728,870,31,201
3161,3161_0,COMPLETED,SOBOL,0.309999999999999997779553950750,285.000000000000000000000000000000,0.059999999999999997779553950750,4490,4894,364,179,17
3162,3162_0,ABANDONED,SOBOL,,,,3635,1620,625,79,100
3163,3163_0,COMPLETED,SOBOL,0.340000000000000024424906541753,48.000000000000000000000000000000,0.080000000000000001665334536938,1583,594,516,161,87
3164,3164_0,COMPLETED,SOBOL,0.320000000000000006661338147751,115.000000000000000000000000000000,0.000000000000000000000000000000,4852,2066,760,238,235
3165,3165_0,COMPLETED,SOBOL,0.320000000000000006661338147751,193.000000000000000000000000000000,0.000000000000000000000000000000,297,3556,255,89,45
3166,3166_0,COMPLETED,SOBOL,0.320000000000000006661338147751,79.000000000000000000000000000000,0.000000000000000000000000000000,983,1354,204,120,11
3167,3167_0,ABANDONED,SOBOL,,,,3850,3019,693,205,211
3168,3168_0,ABANDONED,SOBOL,,,,3025,994,448,41,159
3169,3169_0,COMPLETED,SOBOL,0.320000000000000006661338147751,242.000000000000000000000000000000,0.029999999999999998889776975375,2139,4633,942,126,125
3170,3170_0,COMPLETED,SOBOL,0.320000000000000006661338147751,82.000000000000000000000000000000,0.000000000000000000000000000000,2044,1407,640,222,192
3171,3171_0,COMPLETED,SOBOL,0.309999999999999997779553950750,155.000000000000000000000000000000,0.040000000000000000832667268469,3121,2965,130,75,30
3172,3172_0,COMPLETED,SOBOL,0.320000000000000006661338147751,74.000000000000000000000000000000,0.000000000000000000000000000000,3751,1243,884,175,105
3173,3173_0,ABANDONED,SOBOL,,,,1081,4383,379,27,179
3174,3174_0,COMPLETED,SOBOL,0.309999999999999997779553950750,191.000000000000000000000000000000,0.050000000000000002775557561563,4951,4003,568,143,75
3175,3175_0,COMPLETED,SOBOL,0.320000000000000006661338147751,105.000000000000000000000000000000,0.000000000000000000000000000000,3178,1964,322,103,56
3176,3176_0,ABANDONED,SOBOL,,,,1678,3659,816,189,224
3177,3177_0,COMPLETED,SOBOL,0.560000000000000053290705182008,123.000000000000000000000000000000,0.579999999999999960031971113494,1413,782,307,130,5
3178,3178_0,ABANDONED,SOBOL,,,,3731,4840,800,45,213
3179,3179_0,COMPLETED,SOBOL,0.320000000000000006661338147751,128.000000000000000000000000000000,0.000000000000000000000000000000,462,2509,552,124,112
3180,3180_0,COMPLETED,SOBOL,0.320000000000000006661338147751,121.000000000000000000000000000000,0.000000000000000000000000000000,838,2250,993,93,85
3181,3181_0,COMPLETED,SOBOL,0.330000000000000015543122344752,209.000000000000000000000000000000,0.040000000000000000832667268469,4331,3378,488,241,136
3182,3182_0,ABANDONED,SOBOL,,,,2549,89,749,16,249
3183,3183_0,COMPLETED,SOBOL,0.299999999999999988897769753748,268.000000000000000000000000000000,0.029999999999999998889776975375,2289,4284,240,164,36
3184,3184_0,ABANDONED,SOBOL,,,,2375,260,777,100,185
3185,3185_0,COMPLETED,SOBOL,0.320000000000000006661338147751,224.000000000000000000000000000000,0.029999999999999998889776975375,2789,4112,268,201,96
3186,3186_0,COMPLETED,SOBOL,0.320000000000000006661338147751,125.000000000000000000000000000000,0.000000000000000000000000000000,4084,2401,529,53,20
3187,3187_0,ABANDONED,SOBOL,,,,531,1688,465,188,234
3188,3188_0,ABANDONED,SOBOL,,,,4619,2689,954,24,51
3189,3189_0,COMPLETED,SOBOL,0.540000000000000035527136788005,88.000000000000000000000000000000,0.630000000000000004440892098501,3511,660,216,233,69
3190,3190_0,ABANDONED,SOBOL,,,,1346,4962,710,70,152
3191,3191_0,ABANDONED,SOBOL,,,,1746,2135,169,4,121
3192,3192_0,COMPLETED,SOBOL,0.299999999999999988897769753748,199.000000000000000000000000000000,0.040000000000000000832667268469,3400,3487,663,167,163
3193,3193_0,ABANDONED,SOBOL,,,,4722,527,418,83,207
3194,3194_0,COMPLETED,SOBOL,0.349999999999999977795539507497,236.000000000000000000000000000000,0.029999999999999998889776975375,129,3851,907,246,15
3195,3195_0,COMPLETED,SOBOL,0.309999999999999997779553950750,69.000000000000000000000000000000,0.010000000000000000208166817117,1171,1063,607,212,41
3196,3196_0,COMPLETED,SOBOL,0.320000000000000006661338147751,72.000000000000000000000000000000,0.000000000000000000000000000000,2880,1286,855,135,127
3197,3197_0,ABANDONED,SOBOL,,,,1957,3086,346,34,91
3198,3198_0,COMPLETED,SOBOL,0.320000000000000006661338147751,129.000000000000000000000000000000,0.000000000000000000000000000000,1998,2027,838,166,29
3199,3199_0,ABANDONED,SOBOL,,,,2834,3595,333,3,189
3200,3200_0,COMPLETED,SOBOL,0.359999999999999986677323704498,37.000000000000000000000000000000,0.260000000000000008881784197001,4040,320,594,243,178
3201,3201_0,COMPLETED,SOBOL,0.320000000000000006661338147751,70.000000000000000000000000000000,0.000000000000000000000000000000,97,1190,401,114,78
3202,3202_0,COMPLETED,SOBOL,0.309999999999999997779553950750,260.000000000000000000000000000000,0.059999999999999997779553950750,4759,4438,895,215,144
3203,3203_0,COMPLETED,SOBOL,0.369999999999999995559107901499,175.000000000000000000000000000000,0.020000000000000000416333634234,1783,2902,646,137,57
3204,3204_0,ABANDONED,SOBOL,,,,1379,152,235,202,214
3205,3205_0,COMPLETED,SOBOL,0.320000000000000006661338147751,230.000000000000000000000000000000,0.040000000000000000832667268469,3474,4220,725,102,8
3206,3206_0,COMPLETED,SOBOL,0.320000000000000006661338147751,112.000000000000000000000000000000,0.000000000000000000000000000000,4651,2196,479,157,113
3207,3207_0,ABANDONED,SOBOL,,,,494,3431,973,56,172
3208,3208_0,ABANDONED,SOBOL,,,,708,1815,547,21,133
3209,3209_0,COMPLETED,SOBOL,0.320000000000000006661338147751,53.000000000000000000000000000000,0.000000000000000000000000000000,2747,846,792,69,33
3210,3210_0,ABANDONED,SOBOL,,,,2421,4777,286,233,248
3211,3211_0,ABANDONED,SOBOL,,,,2330,675,701,48,97
3212,3212_0,ABANDONED,SOBOL,,,,2503,4947,196,133,188
3213,3213_0,ABANDONED,SOBOL,,,,4372,1664,950,125,198
3214,3214_0,COMPLETED,SOBOL,0.309999999999999997779553950750,156.000000000000000000000000000000,0.020000000000000000416333634234,792,2713,440,210,23
3215,3215_0,ABANDONED,SOBOL,,,,4428,3250,508,92,233
3216,3216_0,COMPLETED,SOBOL,0.320000000000000006661338147751,25.000000000000000000000000000000,0.000000000000000000000000000000,3700,275,262,162,150
3217,3217_0,ABANDONED,SOBOL,,,,1450,4097,753,14,68
3218,3218_0,ABANDONED,SOBOL,,,,1710,1300,372,72,162
3219,3219_0,COMPLETED,SOBOL,0.299999999999999988897769753748,188.000000000000000000000000000000,0.040000000000000000832667268469,3141,3072,862,220,118
3220,3220_0,COMPLETED,SOBOL,0.320000000000000006661338147751,68.000000000000000000000000000000,0.000000000000000000000000000000,4983,1039,124,27,14
3221,3221_0,ABANDONED,SOBOL,,,,162,4588,617,174,204
3222,3222_0,ABANDONED,SOBOL,,,,1040,502,934,144,242
3223,3223_0,COMPLETED,SOBOL,0.299999999999999988897769753748,233.000000000000000000000000000000,0.050000000000000002775557561563,3797,3875,424,58,42
3224,3224_0,COMPLETED,SOBOL,0.320000000000000006661338147751,132.000000000000000000000000000000,0.000000000000000000000000000000,3080,2150,686,192,94
3225,3225_0,ABANDONED,SOBOL,,,,2090,3472,180,106,128
3226,3226_0,ABANDONED,SOBOL,,,,2186,409,496,9,62
3227,3227_0,ABANDONED,SOBOL,,,,2983,3968,985,158,222
3228,3228_0,ABANDONED,SOBOL,,,,3897,1940,248,88,147
3229,3229_0,COMPLETED,SOBOL,0.330000000000000015543122344752,199.000000000000000000000000000000,0.070000000000000006661338147751,941,3683,741,237,74
3230,3230_0,COMPLETED,SOBOL,0.320000000000000006661338147751,90.000000000000000000000000000000,0.000000000000000000000000000000,261,1559,808,206,107
3231,3231_0,ABANDONED,SOBOL,,,,4883,2813,299,121,174
3232,3232_0,ABANDONED,SOBOL,,,,3239,1102,560,129,192
3233,3233_0,COMPLETED,SOBOL,0.299999999999999988897769753748,235.000000000000000000000000000000,0.020000000000000000416333634234,1614,4525,54,44,26
3234,3234_0,ABANDONED,SOBOL,,,,1547,2284,576,110,245
3235,3235_0,COMPLETED,SOBOL,0.440000000000000002220446049250,183.000000000000000000000000000000,0.270000000000000017763568394003,3604,3343,70,196,36
3236,3236_0,ABANDONED,SOBOL,,,,4526,65,824,62,80
3237,3237_0,COMPLETED,SOBOL,0.299999999999999988897769753748,241.000000000000000000000000000000,0.000000000000000000000000000000,331,4308,315,148,138
3238,3238_0,ABANDONED,SOBOL,,,,4274,4688,632,30,116
3239,3239_0,COMPLETED,SOBOL,0.560000000000000053290705182008,155.000000000000000000000000000000,0.900000000000000022204460492503,2598,1727,387,223,3
3240,3240_0,ABANDONED,SOBOL,,,,2233,2650,876,76,218
3241,3241_0,COMPLETED,SOBOL,0.320000000000000006661338147751,88.000000000000000000000000000000,0.000000000000000000000000000000,2480,1595,109,140,65
3242,3242_0,ABANDONED,SOBOL,,,,2691,2782,599,39,153
3243,3243_0,ABANDONED,SOBOL,,,,4189,743,353,219,228
3244,3244_0,COMPLETED,SOBOL,0.299999999999999988897769753748,308.000000000000000000000000000000,0.010000000000000000208166817117,648,4879,847,117,52
3245,3245_0,COMPLETED,SOBOL,0.419999999999999984456877655248,41.000000000000000000000000000000,0.160000000000000003330669073875,554,206,671,84,20
3246,3246_0,ABANDONED,SOBOL,,,,3531,2445,915,7,183
3247,3247_0,COMPLETED,SOBOL,0.299999999999999988897769753748,211.000000000000000000000000000000,0.020000000000000000416333634234,1320,3183,410,170,101
3248,3248_0,COMPLETED,SOBOL,0.330000000000000015543122344752,60.000000000000000000000000000000,0.020000000000000000416333634234,1839,970,962,229,132
3249,3249_0,ABANDONED,SOBOL,,,,3310,4657,457,65,90
3250,3250_0,COMPLETED,SOBOL,0.320000000000000006661338147751,84.000000000000000000000000000000,0.000000000000000000000000000000,4819,1368,718,181,45
3251,3251_0,ABANDONED,SOBOL,,,,1184,2081,276,52,208
3252,3252_0,COMPLETED,SOBOL,0.400000000000000022204460492503,226.000000000000000000000000000000,0.160000000000000003330669073875,3980,3542,769,152,10
3253,3253_0,COMPLETED,SOBOL,0.299999999999999988897769753748,232.000000000000000000000000000000,0.020000000000000000416333634234,1941,3808,521,198,158
3254,3254_0,COMPLETED,SOBOL,0.320000000000000006661338147751,104.000000000000000000000000000000,0.000000000000000000000000000000,1923,1846,265,115,103
3255,3255_0,COMPLETED,SOBOL,0.320000000000000006661338147751,145.000000000000000000000000000000,0.000000000000000000000000000000,2916,2534,758,217,177
3256,3256_0,COMPLETED,SOBOL,0.299999999999999988897769753748,277.000000000000000000000000000000,0.020000000000000000416333634234,1204,4807,502,138,28
3257,3257_0,COMPLETED,SOBOL,0.309999999999999997779553950750,23.000000000000000000000000000000,0.010000000000000000208166817117,17,105,952,172,59
3258,3258_0,ABANDONED,SOBOL,,,,4835,4270,446,9,226
3259,3259_0,COMPLETED,SOBOL,0.320000000000000006661338147751,134.000000000000000000000000000000,0.000000000000000000000000000000,3287,2246,699,249,145
3260,3260_0,COMPLETED,SOBOL,0.320000000000000006661338147751,206.000000000000000000000000000000,0.020000000000000000416333634234,1858,3384,190,86,77
3261,3261_0,ABANDONED,SOBOL,,,,1302,1221,683,19,171
3262,3262_0,COMPLETED,SOBOL,0.299999999999999988897769753748,263.000000000000000000000000000000,0.040000000000000000832667268469,3554,4409,175,183,114
3263,3263_0,COMPLETED,SOBOL,0.320000000000000006661338147751,81.000000000000000000000000000000,0.000000000000000000000000000000,4576,1443,936,67,7
3264,3264_0,COMPLETED,SOBOL,0.320000000000000006661338147751,157.000000000000000000000000000000,0.000000000000000000000000000000,575,2931,430,231,215
3265,3265_0,COMPLETED,SOBOL,0.330000000000000015543122344752,189.000000000000000000000000000000,0.050000000000000002775557561563,4205,3645,611,95,33
3266,3266_0,COMPLETED,SOBOL,0.320000000000000006661338147751,33.000000000000000000000000000000,0.070000000000000006661338147751,2667,372,374,150,83
3267,3267_0,ABANDONED,SOBOL,,,,2497,4008,868,50,135
3268,3268_0,COMPLETED,SOBOL,0.380000000000000004440892098501,47.000000000000000000000000000000,0.729999999999999982236431605997,2254,532,151,238,22
3269,3269_0,ABANDONED,SOBOL,,,,2583,3848,645,90,200
3270,3270_0,ABANDONED,SOBOL,,,,4297,2121,407,160,187
3271,3271_0,ABANDONED,SOBOL,,,,873,3504,897,11,97
3272,3272_0,ABANDONED,SOBOL,,,,348,1252,588,42,67
3273,3273_0,ABANDONED,SOBOL,,,,3620,1088,844,119,232
3274,3274_0,COMPLETED,SOBOL,0.369999999999999995559107901499,273.000000000000000000000000000000,0.059999999999999997779553950750,1526,4541,335,204,48
3275,3275_0,ABANDONED,SOBOL,,,,1635,2407,798,146,205
3276,3276_0,COMPLETED,SOBOL,0.299999999999999988897769753748,168.000000000000000000000000000000,0.040000000000000000832667268469,3223,3223,288,60,13
3277,3277_0,COMPLETED,SOBOL,0.479999999999999982236431605997,43.000000000000000000000000000000,0.469999999999999973354647408996,4907,246,541,194,120
3278,3278_0,ABANDONED,SOBOL,,,,960,627,485,78,129
3279,3279_0,COMPLETED,SOBOL,0.309999999999999997779553950750,302.000000000000000000000000000000,0.050000000000000002775557561563,3873,4998,975,225,93
3280,3280_0,ABANDONED,SOBOL,,,,2999,1713,229,32,43
3281,3281_0,ABANDONED,SOBOL,,,,2165,2666,723,180,241
3282,3282_0,COMPLETED,SOBOL,0.330000000000000015543122344752,56.000000000000000000000000000000,0.100000000000000005551115123126,2106,886,921,208,73
3283,3283_0,ABANDONED,SOBOL,,,,3059,4739,412,123,148
3284,3284_0,ABANDONED,SOBOL,,,,3816,1777,665,131,221
3285,3285_0,ABANDONED,SOBOL,,,,1016,2603,160,46,63
3286,3286_0,ABANDONED,SOBOL,,,,186,2314,359,15,25
3287,3287_0,ABANDONED,SOBOL,,,,4965,3316,849,164,193
3288,3288_0,COMPLETED,SOBOL,0.340000000000000024424906541753,235.000000000000000000000000000000,0.050000000000000002775557561563,1694,4338,597,243,108
3289,3289_0,ABANDONED,SOBOL,,,,3679,2864,519,29,79
3290,3290_0,COMPLETED,SOBOL,0.330000000000000015543122344752,69.000000000000000000000000000000,0.059999999999999997779553950750,4446,1152,281,222,37
3291,3291_0,ABANDONED,SOBOL,,,,407,4478,771,74,243
3292,3292_0,ABANDONED,SOBOL,,,,815,439,712,104,219
3293,3293_0,COMPLETED,SOBOL,0.599999999999999977795539507497,334.000000000000000000000000000000,0.979999999999999982236431605997,4354,3940,207,190,3
3294,3294_0,ABANDONED,SOBOL,,,,2523,1911,968,56,117
3295,3295_0,ABANDONED,SOBOL,,,,2315,3714,459,142,167
3296,3296_0,COMPLETED,SOBOL,0.320000000000000006661338147751,108.000000000000000000000000000000,0.000000000000000000000000000000,2398,2034,558,82,53
3297,3297_0,ABANDONED,SOBOL,,,,4109,620,810,5,154
3298,3298_0,COMPLETED,SOBOL,0.320000000000000006661338147751,192.000000000000000000000000000000,0.010000000000000000208166817117,724,3759,305,168,64
3299,3299_0,COMPLETED,SOBOL,0.320000000000000006661338147751,59.000000000000000000000000000000,0.000000000000000000000000000000,478,1001,246,135,102
3300,3300_0,ABANDONED,SOBOL,,,,4671,4629,736,33,182
3301,3301_0,COMPLETED,SOBOL,0.320000000000000006661338147751,77.000000000000000000000000000000,0.000000000000000000000000000000,3456,1341,498,213,203
3302,3302_0,COMPLETED,SOBOL,0.330000000000000015543122344752,175.000000000000000000000000000000,0.020000000000000000416333634234,1402,3035,991,112,19
3303,3303_0,ABANDONED,SOBOL,,,,1759,159,389,54,238
3304,3304_0,COMPLETED,SOBOL,0.320000000000000006661338147751,239.000000000000000000000000000000,0.040000000000000000832667268469,3386,4216,882,155,47
3305,3305_0,COMPLETED,SOBOL,0.320000000000000006661338147751,150.000000000000000000000000000000,0.000000000000000000000000000000,4738,2495,136,100,89
3306,3306_0,COMPLETED,SOBOL,0.320000000000000006661338147751,156.000000000000000000000000000000,0.000000000000000000000000000000,113,3134,626,200,133
3307,3307_0,COMPLETED,SOBOL,0.320000000000000006661338147751,94.000000000000000000000000000000,0.000000000000000000000000000000,1108,1626,826,235,158
3308,3308_0,ABANDONED,SOBOL,,,,4062,2754,320,71,123
3309,3309_0,COMPLETED,SOBOL,0.489999999999999991118215802999,87.000000000000000000000000000000,0.739999999999999991118215802999,2816,716,574,187,8
3310,3310_0,COMPLETED,SOBOL,0.359999999999999986677323704498,23.000000000000000000000000000000,0.119999999999999995559107901499,1974,51,619,155,145
3311,3311_0,ABANDONED,SOBOL,,,,2857,4324,114,55,72
3312,3312_0,COMPLETED,SOBOL,0.320000000000000006661338147751,141.000000000000000000000000000000,0.000000000000000000000000000000,4015,2290,875,203,60
3313,3313_0,ABANDONED,SOBOL,,,,1150,3340,366,102,221
3314,3314_0,COMPLETED,SOBOL,0.419999999999999984456877655248,166.000000000000000000000000000000,0.130000000000000004440892098501,4707,2627,676,232,27
3315,3315_0,ABANDONED,SOBOL,,,,3423,900,438,22,109
3316,3316_0,COMPLETED,SOBOL,0.299999999999999988897769753748,256.000000000000000000000000000000,0.020000000000000000416333634234,1728,4724,928,186,176
3317,3317_0,COMPLETED,SOBOL,0.330000000000000015543122344752,105.000000000000000000000000000000,0.029999999999999998889776975375,1365,1926,454,244,82
3318,3318_0,ABANDONED,SOBOL,,,,3488,3699,944,81,140
3319,3319_0,ABANDONED,SOBOL,,,,510,3965,691,2,38
3320,3320_0,COMPLETED,SOBOL,0.409999999999999975575093458247,74.000000000000000000000000000000,0.029999999999999998889776975375,771,1127,766,36,2
3321,3321_0,ABANDONED,SOBOL,,,,4067,4502,257,137,216
3322,3322_0,ABANDONED,SOBOL,,,,2812,1525,510,113,166
3323,3323_0,ABANDONED,SOBOL,,,,2268,1404,983,25,230
3324,3324_0,COMPLETED,SOBOL,0.299999999999999988897769753748,164.000000000000000000000000000000,0.029999999999999998889776975375,2565,2971,477,173,54
3325,3325_0,COMPLETED,SOBOL,0.320000000000000006661338147751,58.000000000000000000000000000000,0.000000000000000000000000000000,4307,947,730,73,67
3326,3326_0,COMPLETED,SOBOL,0.299999999999999988897769753748,245.000000000000000000000000000000,0.010000000000000000208166817117,857,4682,221,221,155
3327,3327_0,COMPLETED,SOBOL,0.320000000000000006661338147751,39.000000000000000000000000000000,0.000000000000000000000000000000,443,567,296,191,181
3328,3328_0,COMPLETED,SOBOL,0.299999999999999988897769753748,217.000000000000000000000000000000,0.050000000000000002775557561563,4415,3813,790,105,99
3329,3329_0,COMPLETED,SOBOL,0.320000000000000006661338147751,115.000000000000000000000000000000,0.000000000000000000000000000000,3715,2098,44,145,18
3330,3330_0,ABANDONED,SOBOL,,,,1434,3528,533,59,200
3331,3331_0,COMPLETED,SOBOL,0.330000000000000015543122344752,55.000000000000000000000000000000,0.040000000000000000832667268469,1658,779,91,126,44
3332,3332_0,ABANDONED,SOBOL,,,,3194,4846,580,211,237
3333,3333_0,ABANDONED,SOBOL,,,,4928,1572,343,47,130
3334,3334_0,COMPLETED,SOBOL,0.320000000000000006661338147751,172.000000000000000000000000000000,0.000000000000000000000000000000,217,2807,837,132,87
3335,3335_0,COMPLETED,SOBOL,0.320000000000000006661338147751,132.000000000000000000000000000000,0.000000000000000000000000000000,1063,2442,652,163,124
3336,3336_0,COMPLETED,SOBOL,0.380000000000000004440892098501,30.000000000000000000000000000000,0.230000000000000009992007221626,3106,222,905,240,210
3337,3337_0,COMPLETED,SOBOL,0.309999999999999997779553950750,202.000000000000000000000000000000,0.029999999999999998889776975375,2064,4153,399,91,11
3338,3338_0,ABANDONED,SOBOL,,,,2124,2222,214,63,180
3339,3339_0,COMPLETED,SOBOL,0.299999999999999988897769753748,208.000000000000000000000000000000,0.040000000000000000832667268469,3045,3408,704,149,104
3340,3340_0,COMPLETED,SOBOL,0.579999999999999960031971113494,77.000000000000000000000000000000,0.930000000000000048849813083507,3832,120,467,109,31
3341,3341_0,COMPLETED,SOBOL,0.299999999999999988897769753748,221.000000000000000000000000000000,0.010000000000000000208166817117,1006,4255,960,195,191
3342,3342_0,ABANDONED,SOBOL,,,,274,833,527,225,225
3343,3343_0,COMPLETED,SOBOL,0.320000000000000006661338147751,99.000000000000000000000000000000,0.000000000000000000000000000000,3255,1822,779,177,76
3344,3344_0,ABANDONED,SOBOL,,,,1598,2558,274,30,142
3345,3345_0,ABANDONED,SOBOL,,,,1494,347,857,88,110
3346,3346_0,COMPLETED,SOBOL,0.309999999999999997779553950750,240.000000000000000000000000000000,0.050000000000000002775557561563,3656,4033,352,236,170
3347,3347_0,ABANDONED,SOBOL,,,,4471,1995,605,11,212
3348,3348_0,COMPLETED,SOBOL,0.440000000000000002220446049250,210.000000000000000000000000000000,0.160000000000000003330669073875,385,3630,95,159,6
3349,3349_0,COMPLETED,SOBOL,0.320000000000000006661338147751,82.000000000000000000000000000000,0.000000000000000000000000000000,914,1458,420,128,34
3350,3350_0,ABANDONED,SOBOL,,,,4251,2917,913,43,250
3351,3351_0,COMPLETED,SOBOL,0.320000000000000006661338147751,70.000000000000000000000000000000,0.000000000000000000000000000000,2624,1197,168,207,136
3352,3352_0,COMPLETED,SOBOL,0.309999999999999997779553950750,265.000000000000000000000000000000,0.029999999999999998889776975375,2208,4433,657,122,86
3353,3353_0,ABANDONED,SOBOL,,,,2456,1035,328,182,197
3354,3354_0,ABANDONED,SOBOL,,,,2714,4595,818,18,21
3355,3355_0,ABANDONED,SOBOL,,,,673,3059,566,64,186
3356,3356_0,ABANDONED,SOBOL,,,,607,2185,890,99,152
3357,3357_0,COMPLETED,SOBOL,0.380000000000000004440892098501,188.000000000000000000000000000000,0.160000000000000003330669073875,4539,3440,381,199,70
3358,3358_0,COMPLETED,SOBOL,0.320000000000000006661338147751,37.000000000000000000000000000000,0.000000000000000000000000000000,3586,478,634,51,49
3359,3359_0,COMPLETED,SOBOL,0.380000000000000004440892098501,107.000000000000000000000000000000,0.089999999999999996669330926125,1826,1660,743,218,16
3360,3360_0,ABANDONED,SOBOL,,,,3324,2720,238,117,206
3361,3361_0,ABANDONED,SOBOL,,,,4803,691,999,141,164
3362,3362_0,ABANDONED,SOBOL,,,,54,4934,490,40,120
3363,3363_0,COMPLETED,SOBOL,0.320000000000000006661338147751,268.000000000000000000000000000000,0.050000000000000002775557561563,3918,4065,550,169,126
3364,3364_0,ABANDONED,SOBOL,,,,2957,2353,313,85,240
3365,3365_0,COMPLETED,SOBOL,0.440000000000000002220446049250,222.000000000000000000000000000000,0.220000000000000001110223024625,1877,3276,802,248,40
3366,3366_0,ABANDONED,SOBOL,,,,1890,2362,706,29,78
3367,3367_0,COMPLETED,SOBOL,0.299999999999999988897769753748,183.000000000000000000000000000000,0.040000000000000000832667268469,2968,3266,213,177,144
3368,3368_0,ABANDONED,SOBOL,,,,3909,299,958,77,225
3369,3369_0,COMPLETED,SOBOL,0.349999999999999977795539507497,240.000000000000000000000000000000,0.050000000000000002775557561563,1240,4074,469,225,59
3370,3370_0,ABANDONED,SOBOL,,,,4793,4923,525,109,189
3371,3371_0,ABANDONED,SOBOL,,,,3332,1649,271,149,176
3372,3372_0,ABANDONED,SOBOL,,,,1832,2728,781,63,104
3373,3373_0,ABANDONED,SOBOL,,,,1260,487,349,121,135
3374,3374_0,COMPLETED,SOBOL,0.309999999999999997779553950750,226.000000000000000000000000000000,0.040000000000000000832667268469,3577,3891,859,207,83
3375,3375_0,COMPLETED,SOBOL,0.320000000000000006661338147751,118.000000000000000000000000000000,0.000000000000000000000000000000,4550,2174,97,43,33
3376,3376_0,ABANDONED,SOBOL,,,,620,3449,603,129,247
3377,3377_0,ABANDONED,SOBOL,,,,680,1324,912,158,215
3378,3378_0,COMPLETED,SOBOL,0.320000000000000006661338147751,177.000000000000000000000000000000,0.000000000000000000000000000000,4172,3048,422,11,6
3379,3379_0,COMPLETED,SOBOL,0.309999999999999997779553950750,65.000000000000000000000000000000,0.029999999999999998889776975375,2703,1023,659,235,113
3380,3380_0,COMPLETED,SOBOL,0.320000000000000006661338147751,70.000000000000000000000000000000,0.000000000000000000000000000000,2221,1205,820,152,49
3381,3381_0,ABANDONED,SOBOL,,,,2635,4422,326,50,231
3382,3382_0,COMPLETED,SOBOL,0.320000000000000006661338147751,81.000000000000000000000000000000,0.000000000000000000000000000000,4242,1446,564,200,150
3383,3383_0,COMPLETED,SOBOL,0.299999999999999988897769753748,179.000000000000000000000000000000,0.010000000000000000208166817117,909,2926,74,98,68
3384,3384_0,ABANDONED,SOBOL,,,,372,2004,383,64,98
3385,3385_0,COMPLETED,SOBOL,0.340000000000000024424906541753,216.000000000000000000000000000000,0.050000000000000002775557561563,4460,3619,888,227,186
3386,3386_0,COMPLETED,SOBOL,0.330000000000000015543122344752,223.000000000000000000000000000000,0.040000000000000000832667268469,1500,4042,636,182,23
3387,3387_0,COMPLETED,SOBOL,0.320000000000000006661338147751,140.000000000000000000000000000000,0.029999999999999998889776975375,3246,2547,745,84,43
3388,3388_0,COMPLETED,SOBOL,0.340000000000000024424906541753,55.000000000000000000000000000000,0.059999999999999997779553950750,4881,822,492,169,93
3389,3389_0,ABANDONED,SOBOL,,,,287,4800,997,6,129
3390,3390_0,ABANDONED,SOBOL,,,,1012,129,548,40,161
3391,3391_0,COMPLETED,SOBOL,0.320000000000000006661338147751,122.000000000000000000000000000000,0.029999999999999998889776975375,3034,2211,804,117,13
3392,3392_0,COMPLETED,SOBOL,0.320000000000000006661338147751,194.000000000000000000000000000000,0.029999999999999998889776975375,2110,3416,310,218,205
3393,3393_0,COMPLETED,SOBOL,0.320000000000000006661338147751,27.000000000000000000000000000000,0.299999999999999988897769753748,2053,231,112,186,107
3394,3394_0,ABANDONED,SOBOL,,,,3092,4141,621,23,173
3395,3395_0,COMPLETED,SOBOL,0.320000000000000006661338147751,180.000000000000000000000000000000,0.000000000000000000000000000000,3780,2430,368,232,194
3396,3396_0,COMPLETED,SOBOL,0.299999999999999988897769753748,180.000000000000000000000000000000,0.010000000000000000208166817117,1071,3196,873,69,24
3397,3397_0,COMPLETED,SOBOL,0.320000000000000006661338147751,96.000000000000000000000000000000,0.000000000000000000000000000000,229,1581,674,102,62
3398,3398_0,ABANDONED,SOBOL,,,,3188,768,930,54,149
3399,3399_0,COMPLETED,SOBOL,0.299999999999999988897769753748,300.000000000000000000000000000000,0.020000000000000000416333634234,1649,4855,437,156,73
3400,3400_0,COMPLETED,SOBOL,0.320000000000000006661338147751,123.000000000000000000000000000000,0.000000000000000000000000000000,1442,2106,946,214,167
3401,3401_0,ABANDONED,SOBOL,,,,3722,3516,452,113,117
3402,3402_0,COMPLETED,SOBOL,0.609999999999999986677323704498,316.000000000000000000000000000000,1.000000000000000000000000000000,4401,556,690,137,3
3403,3403_0,ABANDONED,SOBOL,,,,848,956,259,2,243
3404,3404_0,COMPLETED,SOBOL,0.309999999999999997779553950750,298.000000000000000000000000000000,0.050000000000000002775557561563,4301,4672,764,166,38
3405,3405_0,COMPLETED,SOBOL,0.309999999999999997779553950750,169.000000000000000000000000000000,0.029999999999999998889776975375,2280,2979,512,245,138
3406,3406_0,COMPLETED,SOBOL,0.320000000000000006661338147751,83.000000000000000000000000000000,0.000000000000000000000000000000,2346,1534,476,60,18
3407,3407_0,ABANDONED,SOBOL,,,,2798,2839,984,145,203
3408,3408_0,ABANDONED,SOBOL,,,,4074,1117,223,105,183
3409,3409_0,COMPLETED,SOBOL,0.309999999999999997779553950750,301.000000000000000000000000000000,0.010000000000000000208166817117,779,4511,729,191,102
3410,3410_0,COMPLETED,SOBOL,0.409999999999999975575093458247,45.000000000000000000000000000000,0.140000000000000013322676295502,521,423,788,221,63
3411,3411_0,ABANDONED,SOBOL,,,,4648,3954,298,73,154
3412,3412_0,ABANDONED,SOBOL,,,,3482,1915,536,174,228
3413,3413_0,ABANDONED,SOBOL,,,,1736,909,582,92,209
3414,3414_0,COMPLETED,SOBOL,0.500000000000000000000000000000,315.000000000000000000000000000000,0.260000000000000008881784197001,3429,4713,89,239,9
3415,3415_0,ABANDONED,SOBOL,,,,4693,1742,834,15,123
3416,3416_0,COMPLETED,SOBOL,0.320000000000000006661338147751,149.000000000000000000000000000000,0.000000000000000000000000000000,139,2636,345,162,157
3417,3417_0,ABANDONED,SOBOL,,,,1141,2298,145,133,133
3418,3418_0,ABANDONED,SOBOL,,,,4009,3329,651,47,89
3419,3419_0,COMPLETED,SOBOL,0.530000000000000026645352591004,49.000000000000000000000000000000,0.819999999999999951150186916493,2871,40,397,211,47
3420,3420_0,ABANDONED,SOBOL,,,,1986,4332,907,125,237
3421,3421_0,COMPLETED,SOBOL,0.320000000000000006661338147751,46.000000000000000000000000000000,0.050000000000000002775557561563,2027,704,414,242,176
3422,3422_0,ABANDONED,SOBOL,,,,2825,4918,919,94,108
3423,3423_0,COMPLETED,SOBOL,0.309999999999999997779553950750,93.000000000000000000000000000000,0.050000000000000002775557561563,4050,1635,158,163,27
3424,3424_0,ABANDONED,SOBOL,,,,1095,2742,667,16,195
3425,3425_0,ABANDONED,SOBOL,,,,107,2484,851,45,221
3426,3426_0,COMPLETED,SOBOL,0.359999999999999986677323704498,168.000000000000000000000000000000,0.040000000000000000832667268469,4730,3143,357,131,59
3427,3427_0,COMPLETED,SOBOL,0.489999999999999991118215802999,48.000000000000000000000000000000,0.660000000000000031086244689504,3397,168,595,122,72
3428,3428_0,COMPLETED,SOBOL,0.320000000000000006661338147751,77.000000000000000000000000000000,0.000000000000000000000000000000,1388,1329,517,142,115
3429,3429_0,ABANDONED,SOBOL,,,,4680,1010,773,189,216
3430,3430_0,COMPLETED,SOBOL,0.540000000000000035527136788005,275.000000000000000000000000000000,0.359999999999999986677323704498,484,4617,279,104,2
3431,3431_0,COMPLETED,SOBOL,0.320000000000000006661338147751,41.000000000000000000000000000000,0.000000000000000000000000000000,738,610,205,73,38
3432,3432_0,ABANDONED,SOBOL,,,,4120,3768,714,222,246
3433,3433_0,ABANDONED,SOBOL,,,,2757,2043,461,28,139
3434,3434_0,COMPLETED,SOBOL,0.320000000000000006661338147751,184.000000000000000000000000000000,0.029999999999999998889776975375,2392,3580,966,176,82
3435,3435_0,COMPLETED,SOBOL,0.359999999999999986677323704498,210.000000000000000000000000000000,0.270000000000000017763568394003,2532,3722,556,213,17
3436,3436_0,ABANDONED,SOBOL,,,,4343,448,303,33,98
3437,3437_0,ABANDONED,SOBOL,,,,802,3930,812,134,182
3438,3438_0,COMPLETED,SOBOL,0.320000000000000006661338147751,68.000000000000000000000000000000,0.000000000000000000000000000000,400,1141,737,168,155
3439,3439_0,ABANDONED,SOBOL,,,,4438,4486,244,4,66
3440,3440_0,COMPLETED,SOBOL,0.330000000000000015543122344752,88.000000000000000000000000000000,0.140000000000000013322676295502,3690,1519,990,245,54
3441,3441_0,ABANDONED,SOBOL,,,,1479,2853,500,81,231
3442,3442_0,COMPLETED,SOBOL,0.579999999999999960031971113494,79.000000000000000000000000000000,0.540000000000000035527136788005,1681,25,880,23,12
3443,3443_0,ABANDONED,SOBOL,,,,3151,4347,390,186,210
3444,3444_0,ABANDONED,SOBOL,,,,4974,2323,628,71,160
3445,3445_0,COMPLETED,SOBOL,0.320000000000000006661338147751,170.000000000000000000000000000000,0.000000000000000000000000000000,192,3305,134,234,124
3446,3446_0,COMPLETED,SOBOL,0.340000000000000024424906541753,98.000000000000000000000000000000,0.010000000000000000208166817117,1030,1766,318,201,88
3447,3447_0,ABANDONED,SOBOL,,,,3826,2611,828,99,130
3448,3448_0,COMPLETED,SOBOL,0.289999999999999980015985556747,232.000000000000000000000000000000,0.029999999999999998889776975375,2100,4728,571,53,44
3449,3449_0,ABANDONED,SOBOL,,,,2157,1703,756,85,141
3450,3450_0,COMPLETED,SOBOL,0.349999999999999977795539507497,159.000000000000000000000000000000,0.070000000000000006661338147751,2993,2675,267,249,76
3451,3451_0,ABANDONED,SOBOL,,,,3887,636,504,9,56
3452,3452_0,ABANDONED,SOBOL,,,,251,235,444,138,190
3453,3453_0,COMPLETED,SOBOL,0.309999999999999997779553950750,215.000000000000000000000000000000,0.050000000000000002775557561563,4913,4137,953,37,32
3454,3454_0,COMPLETED,SOBOL,0.320000000000000006661338147751,171.000000000000000000000000000000,0.000000000000000000000000000000,3210,2415,192,217,105
3455,3455_0,ABANDONED,SOBOL,,,,1624,3212,697,116,179
3456,3456_0,ABANDONED,SOBOL,,,,1537,1078,176,49,86
3457,3457_0,COMPLETED,SOBOL,0.320000000000000006661338147751,297.000000000000000000000000000000,0.050000000000000002775557561563,3633,4550,682,151,136
3458,3458_0,ABANDONED,SOBOL,,,,4497,1261,429,95,250
3459,3459_0,COMPLETED,SOBOL,0.299999999999999988897769753748,206.000000000000000000000000000000,0.010000000000000000208166817117,340,3112,938,197,34
3460,3460_0,COMPLETED,SOBOL,0.440000000000000002220446049250,138.000000000000000000000000000000,0.280000000000000026645352591004,862,2110,614,230,5
3461,3461_0,COMPLETED,SOBOL,0.320000000000000006661338147751,39.000000000000000000000000000000,0.000000000000000000000000000000,2588,540,865,183,170
3462,3462_0,ABANDONED,SOBOL,,,,2263,3837,376,20,110
3463,3463_0,ABANDONED,SOBOL,,,,2489,360,643,205,234
3464,3464_0,COMPLETED,SOBOL,0.309999999999999997779553950750,233.000000000000000000000000000000,0.029999999999999998889776975375,2661,4017,153,119,50
3465,3465_0,COMPLETED,SOBOL,0.320000000000000006661338147751,123.000000000000000000000000000000,0.000000000000000000000000000000,4218,1989,899,128,70
3466,3466_0,ABANDONED,SOBOL,,,,638,3633,405,42,151
3467,3467_0,COMPLETED,SOBOL,0.359999999999999986677323704498,188.000000000000000000000000000000,0.040000000000000000832667268469,4581,2940,590,159,95
3468,3468_0,COMPLETED,SOBOL,0.320000000000000006661338147751,73.000000000000000000000000000000,0.000000000000000000000000000000,3541,1230,337,91,22
3469,3469_0,COMPLETED,SOBOL,0.299999999999999988897769753748,234.000000000000000000000000000000,0.020000000000000000416333634234,1291,4398,842,238,196
3470,3470_0,COMPLETED,SOBOL,0.320000000000000006661338147751,113.000000000000000000000000000000,0.000000000000000000000000000000,1868,2235,290,180,40
3471,3471_0,ABANDONED,SOBOL,,,,3300,3392,795,32,240
3472,3472_0,ABANDONED,SOBOL,,,,9,4259,543,78,92
3473,3473_0,ABANDONED,SOBOL,,,,1193,807,977,108,120
3474,3474_0,COMPLETED,SOBOL,0.309999999999999997779553950750,309.000000000000000000000000000000,0.050000000000000002775557561563,3951,4815,483,193,164
3475,3475_0,ABANDONED,SOBOL,,,,2921,1854,721,61,207
3476,3476_0,COMPLETED,SOBOL,0.369999999999999995559107901499,162.000000000000000000000000000000,0.020000000000000000416333634234,1931,2523,231,146,15
3477,3477_0,ABANDONED,SOBOL,,,,1952,580,988,44,195
3478,3478_0,COMPLETED,SOBOL,0.309999999999999997779553950750,203.000000000000000000000000000000,0.040000000000000000832667268469,2906,3799,494,130,26
3479,3479_0,COMPLETED,SOBOL,0.320000000000000006661338147751,118.000000000000000000000000000000,0.000000000000000000000000000000,3974,2072,739,121,109
3480,3480_0,COMPLETED,SOBOL,0.309999999999999997779553950750,215.000000000000000000000000000000,0.010000000000000000208166817117,1175,3552,250,207,175
3481,3481_0,COMPLETED,SOBOL,0.320000000000000006661338147751,80.000000000000000000000000000000,0.000000000000000000000000000000,27,1379,301,236,147
3482,3482_0,COMPLETED,SOBOL,0.359999999999999986677323704498,172.000000000000000000000000000000,0.040000000000000000832667268469,4806,2996,806,89,71
3483,3483_0,ABANDONED,SOBOL,,,,1848,4668,562,10,220
3484,3484_0,COMPLETED,SOBOL,0.569999999999999951150186916493,189.000000000000000000000000000000,0.510000000000000008881784197001,1312,2456,68,76,1
3485,3485_0,COMPLETED,SOBOL,0.320000000000000006661338147751,180.000000000000000000000000000000,0.040000000000000000832667268469,3525,3174,577,224,217
3486,3486_0,ABANDONED,SOBOL,,,,4605,197,316,30,165
3487,3487_0,COMPLETED,SOBOL,0.309999999999999997779553950750,235.000000000000000000000000000000,0.010000000000000000208166817117,565,4177,822,178,115
3488,3488_0,COMPLETED,SOBOL,0.309999999999999997779553950750,54.000000000000000000000000000000,0.010000000000000000208166817117,657,754,630,148,81
3489,3489_0,ABANDONED,SOBOL,,,,4195,4871,141,63,140
3490,3490_0,ABANDONED,SOBOL,,,,2677,1587,878,196,245
3491,3491_0,COMPLETED,SOBOL,0.299999999999999988897769753748,154.000000000000000000000000000000,0.029999999999999998889776975375,2468,2793,385,110,39
3492,3492_0,ABANDONED,SOBOL,,,,2244,1739,601,171,181
3493,3493_0,ABANDONED,SOBOL,,,,2612,2641,107,7,99
3494,3494_0,COMPLETED,SOBOL,0.520000000000000017763568394003,98.000000000000000000000000000000,0.550000000000000044408920985006,4268,926,845,248,17
3495,3495_0,ABANDONED,SOBOL,,,,883,4699,355,84,202
3496,3496_0,COMPLETED,SOBOL,0.380000000000000004440892098501,262.000000000000000000000000000000,0.220000000000000001110223024625,4513,4299,669,219,54
3497,3497_0,ABANDONED,SOBOL,,,,3610,2275,408,39,65
3498,3498_0,ABANDONED,SOBOL,,,,1556,3354,917,140,157
3499,3499_0,COMPLETED,SOBOL,0.320000000000000006661338147751,69.000000000000000000000000000000,0.000000000000000000000000000000,1605,1114,455,199,125
3500,3500_0,ABANDONED,SOBOL,,,,3232,4516,964,97,159
3501,3501_0,COMPLETED,SOBOL,0.309999999999999997779553950750,155.000000000000000000000000000000,0.000000000000000000000000000000,272,2824,716,52,11
3502,3502_0,ABANDONED,SOBOL,,,,950,1951,767,18,45
3503,3503_0,ABANDONED,SOBOL,,,,3903,3674,277,181,235
3504,3504_0,ABANDONED,SOBOL,,,,2970,401,523,66,130
3505,3505_0,ABANDONED,SOBOL,,,,2077,2161,331,136,223
3506,3506_0,ABANDONED,SOBOL,,,,3069,3464,840,35,57
3507,3507_0,COMPLETED,SOBOL,0.479999999999999982236431605997,64.000000000000000000000000000000,0.619999999999999995559107901499,3806,493,87,215,75
3508,3508_0,ABANDONED,SOBOL,,,,1045,3887,592,114,142
3509,3509_0,ABANDONED,SOBOL,,,,176,1050,893,80,179
3510,3510_0,COMPLETED,SOBOL,0.309999999999999997779553950750,258.000000000000000000000000000000,0.059999999999999997779553950750,4994,4579,403,243,106
3511,3511_0,ABANDONED,SOBOL,,,,3133,1291,649,3,31
3512,3512_0,COMPLETED,SOBOL,0.520000000000000017763568394003,63.000000000000000000000000000000,0.469999999999999973354647408996,1456,286,727,232,35
3513,3513_0,COMPLETED,SOBOL,0.320000000000000006661338147751,134.000000000000000000000000000000,0.000000000000000000000000000000,4417,2369,971,184,137
3514,3514_0,ABANDONED,SOBOL,,,,417,3261,481,22,85
3515,3515_0,ABANDONED,SOBOL,,,,4364,2705,545,157,169
3516,3516_0,ABANDONED,SOBOL,,,,2513,667,284,101,213
3517,3517_0,COMPLETED,SOBOL,0.469999999999999973354647408996,295.000000000000000000000000000000,0.520000000000000017763568394003,2344,4958,793,203,5
3518,3518_0,ABANDONED,SOBOL,,,,2408,856,194,14,152
3519,3519_0,COMPLETED,SOBOL,0.320000000000000006661338147751,235.000000000000000000000000000000,0.040000000000000000832667268469,2736,4768,703,161,70
3520,3520_0,COMPLETED,SOBOL,0.320000000000000006661338147751,120.000000000000000000000000000000,0.000000000000000000000000000000,4138,1806,442,93,51
3521,3521_0,COMPLETED,SOBOL,0.320000000000000006661338147751,155.000000000000000000000000000000,0.000000000000000000000000000000,714,2573,947,240,233
3522,3522_0,COMPLETED,SOBOL,0.320000000000000006661338147751,118.000000000000000000000000000000,0.000000000000000000000000000000,507,2207,506,210,197
3523,3523_0,COMPLETED,SOBOL,0.479999999999999982236431605997,37.000000000000000000000000000000,0.560000000000000053290705182008,3466,144,754,134,96
3524,3524_0,ABANDONED,SOBOL,,,,1372,4231,261,47,184
3525,3525_0,COMPLETED,SOBOL,0.320000000000000006661338147751,85.000000000000000000000000000000,0.000000000000000000000000000000,1788,1481,864,106,90
3526,3526_0,COMPLETED,SOBOL,0.320000000000000006661338147751,153.000000000000000000000000000000,0.040000000000000000832667268469,3377,2893,370,191,127
3527,3527_0,ABANDONED,SOBOL,,,,4748,1181,616,59,240
3528,3528_0,COMPLETED,SOBOL,0.299999999999999988897769753748,253.000000000000000000000000000000,0.000000000000000000000000000000,84,4448,125,144,41
3529,3529_0,COMPLETED,SOBOL,0.489999999999999991118215802999,54.000000000000000000000000000000,0.330000000000000015543122344752,1118,332,427,174,14
3530,3530_0,ABANDONED,SOBOL,,,,4032,4048,932,26,207
3531,3531_0,COMPLETED,SOBOL,0.320000000000000006661338147751,118.000000000000000000000000000000,0.000000000000000000000000000000,2845,2019,178,220,163
3532,3532_0,ABANDONED,SOBOL,,,,2011,3606,688,72,121
3533,3533_0,COMPLETED,SOBOL,0.320000000000000006661338147751,85.000000000000000000000000000000,0.000000000000000000000000000000,1965,1277,132,189,58
3534,3534_0,ABANDONED,SOBOL,,,,2887,3098,638,103,227
3535,3535_0,ABANDONED,SOBOL,,,,3986,1075,377,143,143
3536,3536_0,ABANDONED,SOBOL,,,,1160,4555,886,58,78
3537,3537_0,ABANDONED,SOBOL,,,,120,518,569,27,103
3538,3538_0,ABANDONED,SOBOL,,,,3413,2146,814,75,188
3539,3539_0,COMPLETED,SOBOL,0.469999999999999973354647408996,214.000000000000000000000000000000,0.250000000000000000000000000000,1757,3478,324,223,29
3540,3540_0,ABANDONED,SOBOL,,,,1336,652,798,164,248
3541,3541_0,ABANDONED,SOBOL,,,,3497,4973,308,17,32
3542,3542_0,COMPLETED,SOBOL,0.400000000000000022204460492503,114.000000000000000000000000000000,0.170000000000000012212453270877,4625,1699,554,241,84
3543,3543_0,ABANDONED,SOBOL,,,,761,2393,486,123,172
3544,3544_0,COMPLETED,SOBOL,0.349999999999999977795539507497,193.000000000000000000000000000000,0.040000000000000000832667268469,4097,3237,995,209,112
3545,3545_0,COMPLETED,SOBOL,0.309999999999999997779553950750,28.000000000000000000000000000000,0.070000000000000006661338147751,2783,271,242,45,8
3546,3546_0,ABANDONED,SOBOL,,,,2367,4104,747,131,214
3547,3547_0,COMPLETED,SOBOL,0.330000000000000015543122344752,18.000000000000000000000000000000,0.089999999999999996669330926125,2297,80,269,70,69
3548,3548_0,COMPLETED,SOBOL,0.289999999999999980015985556747,225.000000000000000000000000000000,0.029999999999999998889776975375,2555,4294,775,233,149
3549,3549_0,COMPLETED,SOBOL,0.289999999999999980015985556747,191.000000000000000000000000000000,0.040000000000000000832667268469,827,3369,530,188,48
3550,3550_0,COMPLETED,SOBOL,0.330000000000000015543122344752,110.000000000000000000000000000000,0.010000000000000000208166817117,453,1860,957,154,24
3551,3551_0,ABANDONED,SOBOL,,,,4385,2520,463,52,198
3552,3552_0,COMPLETED,SOBOL,0.320000000000000006661338147751,56.000000000000000000000000000000,0.000000000000000000000000000000,3744,793,708,202,187
3553,3553_0,COMPLETED,SOBOL,0.299999999999999988897769753748,252.000000000000000000000000000000,0.020000000000000000416333634234,1424,4832,218,100,97
3554,3554_0,ABANDONED,SOBOL,,,,1667,1955,661,34,128
3555,3555_0,COMPLETED,SOBOL,0.320000000000000006661338147751,202.000000000000000000000000000000,0.040000000000000000832667268469,3165,3669,172,135,93
3556,3556_0,COMPLETED,SOBOL,0.320000000000000006661338147751,33.000000000000000000000000000000,0.059999999999999997779553950750,4958,385,910,111,42
3557,3557_0,ABANDONED,SOBOL,,,,207,3994,416,212,243
3558,3558_0,COMPLETED,SOBOL,0.299999999999999988897769753748,240.000000000000000000000000000000,0.050000000000000002775557561563,3764,4395,609,83,13
3559,3559_0,COMPLETED,SOBOL,0.320000000000000006661338147751,81.000000000000000000000000000000,0.000000000000000000000000000000,3116,1418,347,168,118
3560,3560_0,ABANDONED,SOBOL,,,,2035,2957,853,4,163
3561,3561_0,COMPLETED,SOBOL,0.320000000000000006661338147751,61.000000000000000000000000000000,0.000000000000000000000000000000,2133,986,537,96,25
3562,3562_0,ABANDONED,SOBOL,,,,3862,1364,785,48,174
3563,3563_0,COMPLETED,SOBOL,0.299999999999999988897769753748,172.000000000000000000000000000000,0.010000000000000000208166817117,996,3010,292,150,106
3564,3564_0,COMPLETED,SOBOL,0.320000000000000006661338147751,119.000000000000000000000000000000,0.000000000000000000000000000000,304,2058,225,183,74
3565,3565_0,ABANDONED,SOBOL,,,,4860,3567,735,21,148
3566,3566_0,COMPLETED,SOBOL,0.320000000000000006661338147751,41.000000000000000000000000000000,0.000000000000000000000000000000,3264,605,473,229,223
3567,3567_0,COMPLETED,SOBOL,0.309999999999999997779553950750,216.000000000000000000000000000000,0.020000000000000000416333634234,1569,3775,979,66,61
3568,3568_0,ABANDONED,SOBOL,,,,1523,1611,396,7,218
3569,3569_0,COMPLETED,SOBOL,0.520000000000000017763568394003,182.000000000000000000000000000000,0.819999999999999951150186916493,3647,2769,901,171,4
3570,3570_0,ABANDONED,SOBOL,,,,4481,739,147,86,116
3571,3571_0,COMPLETED,SOBOL,0.320000000000000006661338147751,258.000000000000000000000000000000,0.000000000000000000000000000000,356,4885,656,250,168
3572,3572_0,COMPLETED,SOBOL,0.450000000000000011102230246252,33.000000000000000000000000000000,0.140000000000000013322676295502,924,183,832,216,138
3573,3573_0,COMPLETED,SOBOL,0.320000000000000006661338147751,267.000000000000000000000000000000,0.050000000000000002775557561563,4221,4192,339,115,80
3574,3574_0,COMPLETED,SOBOL,0.299999999999999988897769753748,173.000000000000000000000000000000,0.029999999999999998889776975375,2653,2480,584,139,36
3575,3575_0,COMPLETED,SOBOL,0.320000000000000006661338147751,150.000000000000000000000000000000,0.000000000000000000000000000000,2427,2329,924,227,100
3576,3576_0,ABANDONED,SOBOL,,,,2723,3301,435,78,184
3577,3577_0,ABANDONED,SOBOL,,,,4154,13,680,179,203
3578,3578_0,COMPLETED,SOBOL,0.330000000000000015543122344752,272.000000000000000000000000000000,0.010000000000000000208166817117,703,4362,186,31,19
3579,3579_0,COMPLETED,SOBOL,0.320000000000000006661338147751,52.000000000000000000000000000000,0.000000000000000000000000000000,597,862,362,61,51
3580,3580_0,ABANDONED,SOBOL,,,,4568,4763,871,146,229
3581,3581_0,COMPLETED,SOBOL,0.320000000000000006661338147751,156.000000000000000000000000000000,0.020000000000000000416333634234,1275,2587,623,192,64
3582,3582_0,ABANDONED,SOBOL,,,,3353,3925,514,40,122
3583,3583_0,COMPLETED,SOBOL,0.390000000000000013322676295502,116.000000000000000000000000000000,0.209999999999999992228438827624,4774,1888,253,205,10
3584,3584_0,ABANDONED,SOBOL,,,,64,3738,762,119,208
3585,3585_0,ABANDONED,SOBOL,,,,1216,1487,695,90,238
3586,3586_0,COMPLETED,SOBOL,0.380000000000000004440892098501,179.000000000000000000000000000000,0.089999999999999996669330926125,3928,2888,202,237,46
3587,3587_0,ABANDONED,SOBOL,,,,2947,1167,940,13,90
3588,3588_0,COMPLETED,SOBOL,0.299999999999999988897769753748,256.000000000000000000000000000000,0.020000000000000000416333634234,1906,4462,450,160,132
3589,3589_0,COMPLETED,SOBOL,0.359999999999999986677323704498,67.000000000000000000000000000000,0.070000000000000006661338147751,1905,995,939,198,61
3590,3590_0,ABANDONED,SOBOL,,,,2947,4632,448,96,219
3591,3591_0,COMPLETED,SOBOL,0.320000000000000006661338147751,85.000000000000000000000000000000,0.000000000000000000000000000000,3928,1354,695,150,146
3592,3592_0,ABANDONED,SOBOL,,,,1217,3018,201,48,72
3593,3593_0,ABANDONED,SOBOL,,,,63,2067,251,21,110
3594,3594_0,COMPLETED,SOBOL,0.340000000000000024424906541753,186.000000000000000000000000000000,0.050000000000000002775557561563,4774,3556,761,183,174
3595,3595_0,COMPLETED,SOBOL,0.460000000000000019984014443253,254.000000000000000000000000000000,0.289999999999999980015985556747,1817,3783,513,229,27
3596,3596_0,ABANDONED,SOBOL,,,,3557,2757,623,7,39
3597,3597_0,COMPLETED,SOBOL,0.510000000000000008881784197001,90.000000000000000000000000000000,0.670000000000000039968028886506,4568,729,361,250,81
3598,3598_0,ABANDONED,SOBOL,,,,596,4893,870,86,141
3599,3599_0,ABANDONED,SOBOL,,,,704,192,679,115,165
3600,3600_0,COMPLETED,SOBOL,0.320000000000000006661338147751,239.000000000000000000000000000000,0.050000000000000002775557561563,4154,4181,186,216,115
3601,3601_0,COMPLETED,SOBOL,0.400000000000000022204460492503,146.000000000000000000000000000000,0.110000000000000000555111512313,2723,2470,923,38,1
3602,3602_0,ABANDONED,SOBOL,,,,2426,3158,433,139,217
3603,3603_0,COMPLETED,SOBOL,0.320000000000000006661338147751,128.000000000000000000000000000000,0.000000000000000000000000000000,2199,2337,583,78,66
3604,3604_0,ABANDONED,SOBOL,,,,4221,1,831,31,229
3605,3605_0,COMPLETED,SOBOL,0.299999999999999988897769753748,222.000000000000000000000000000000,0.010000000000000000208166817117,924,4372,337,179,55
3606,3606_0,COMPLETED,SOBOL,0.340000000000000024424906541753,59.000000000000000000000000000000,0.029999999999999998889776975375,356,870,147,146,17
3607,3607_0,ABANDONED,SOBOL,,,,4481,4752,656,61,201
3608,3608_0,COMPLETED,SOBOL,0.320000000000000006661338147751,99.000000000000000000000000000000,0.000000000000000000000000000000,3646,1780,394,192,180
3609,3609_0,COMPLETED,SOBOL,0.320000000000000006661338147751,167.000000000000000000000000000000,0.000000000000000000000000000000,1523,2597,899,107,100
3610,3610_0,ABANDONED,SOBOL,,,,1568,462,472,40,131
3611,3611_0,COMPLETED,SOBOL,0.320000000000000006661338147751,208.000000000000000000000000000000,0.040000000000000000832667268469,3264,3915,977,127,87
3612,3612_0,COMPLETED,SOBOL,0.320000000000000006661338147751,120.000000000000000000000000000000,0.000000000000000000000000000000,4861,1876,225,119,45
3613,3613_0,ABANDONED,SOBOL,,,,304,3747,734,205,235
3614,3614_0,COMPLETED,SOBOL,0.320000000000000006661338147751,85.000000000000000000000000000000,0.000000000000000000000000000000,996,1495,784,237,211
3615,3615_0,COMPLETED,SOBOL,0.349999999999999977795539507497,164.000000000000000000000000000000,0.040000000000000000832667268469,3861,2877,290,90,11
3616,3616_0,COMPLETED,SOBOL,0.320000000000000006661338147751,69.000000000000000000000000000000,0.000000000000000000000000000000,3017,1155,537,160,125
3617,3617_0,COMPLETED,SOBOL,0.320000000000000006661338147751,75.000000000000000000000000000000,0.000000000000000000000000000000,2035,1285,348,103,30
3618,3618_0,ABANDONED,SOBOL,,,,3115,3087,853,189,192
3619,3619_0,COMPLETED,SOBOL,0.309999999999999997779553950750,261.000000000000000000000000000000,0.010000000000000000208166817117,1092,4565,610,143,105
3620,3620_0,COMPLETED,SOBOL,0.330000000000000015543122344752,41.000000000000000000000000000000,0.020000000000000000416333634234,207,526,910,175,75
3621,3621_0,ABANDONED,SOBOL,,,,4957,3851,416,27,143
3622,3622_0,ABANDONED,SOBOL,,,,3166,2134,663,223,224
3623,3623_0,COMPLETED,SOBOL,0.309999999999999997779553950750,216.000000000000000000000000000000,0.020000000000000000416333634234,1668,3488,173,75,56
3624,3624_0,ABANDONED,SOBOL,,,,1424,660,710,17,212
3625,3625_0,COMPLETED,SOBOL,0.540000000000000035527136788005,313.000000000000000000000000000000,0.560000000000000053290705182008,3745,4963,220,164,5
3626,3626_0,ABANDONED,SOBOL,,,,4384,1688,957,94,112
3627,3627_0,COMPLETED,SOBOL,0.320000000000000006661338147751,174.000000000000000000000000000000,0.000000000000000000000000000000,453,2689,463,241,169
3628,3628_0,COMPLETED,SOBOL,0.349999999999999977795539507497,164.000000000000000000000000000000,0.040000000000000000832667268469,4318,3226,532,123,85
3629,3629_0,COMPLETED,SOBOL,0.419999999999999984456877655248,36.000000000000000000000000000000,0.440000000000000002220446049250,2554,260,270,131,36
3630,3630_0,ABANDONED,SOBOL,,,,2297,4112,775,45,249
3631,3631_0,COMPLETED,SOBOL,0.419999999999999984456877655248,28.000000000000000000000000000000,0.520000000000000017763568394003,2367,89,243,233,96
3632,3632_0,ABANDONED,SOBOL,,,,2783,4283,749,70,185
3633,3633_0,ABANDONED,SOBOL,,,,4096,2250,487,188,197
3634,3634_0,COMPLETED,SOBOL,0.309999999999999997779553950750,215.000000000000000000000000000000,0.010000000000000000208166817117,760,3377,996,25,20
3635,3635_0,COMPLETED,SOBOL,0.320000000000000006661338147751,104.000000000000000000000000000000,0.000000000000000000000000000000,540,1869,555,52,51
3636,3636_0,ABANDONED,SOBOL,,,,3497,783,799,100,152
3637,3637_0,COMPLETED,SOBOL,0.289999999999999980015985556747,250.000000000000000000000000000000,0.020000000000000000416333634234,1335,4840,309,202,69
3638,3638_0,ABANDONED,SOBOL,,,,1756,1964,814,135,163
3639,3639_0,ABANDONED,SOBOL,,,,3413,3658,325,34,121
3640,3640_0,COMPLETED,SOBOL,0.530000000000000026645352591004,77.000000000000000000000000000000,0.910000000000000031086244689504,4717,375,571,212,15
3641,3641_0,ABANDONED,SOBOL,,,,1159,1244,378,83,239
3642,3642_0,COMPLETED,SOBOL,0.460000000000000019984014443253,284.000000000000000000000000000000,0.309999999999999997779553950750,3985,4383,886,246,41
3643,3643_0,ABANDONED,SOBOL,,,,2887,1408,134,4,91
3644,3644_0,COMPLETED,SOBOL,0.359999999999999986677323704498,173.000000000000000000000000000000,0.020000000000000000416333634234,1966,2965,639,168,127
3645,3645_0,COMPLETED,SOBOL,0.309999999999999997779553950750,205.000000000000000000000000000000,0.040000000000000000832667268469,2846,3473,687,136,29
3646,3646_0,COMPLETED,SOBOL,0.320000000000000006661338147751,37.000000000000000000000000000000,0.000000000000000000000000000000,4031,502,425,114,102
3647,3647_0,COMPLETED,SOBOL,0.309999999999999997779553950750,239.000000000000000000000000000000,0.010000000000000000208166817117,1118,3876,931,215,178
3648,3648_0,COMPLETED,SOBOL,0.320000000000000006661338147751,65.000000000000000000000000000000,0.000000000000000000000000000000,84,1038,615,243,144
3649,3649_0,COMPLETED,SOBOL,0.320000000000000006661338147751,267.000000000000000000000000000000,0.059999999999999997779553950750,4749,4589,125,80,78
3650,3650_0,COMPLETED,SOBOL,0.320000000000000006661338147751,73.000000000000000000000000000000,0.000000000000000000000000000000,3376,1300,862,166,57
3651,3651_0,ABANDONED,SOBOL,,,,1788,3072,368,3,227
3652,3652_0,COMPLETED,SOBOL,0.469999999999999973354647408996,48.000000000000000000000000000000,0.190000000000000002220446049250,1372,274,753,69,8
3653,3653_0,COMPLETED,SOBOL,0.309999999999999997779553950750,206.000000000000000000000000000000,0.040000000000000000832667268469,3465,4098,259,232,214
3654,3654_0,ABANDONED,SOBOL,,,,4662,2376,506,22,172
3655,3655_0,COMPLETED,SOBOL,0.320000000000000006661338147751,91.000000000000000000000000000000,0.000000000000000000000000000000,714,1663,441,157,84
3656,3656_0,ABANDONED,SOBOL,,,,4138,2714,946,55,133
3657,3657_0,COMPLETED,SOBOL,0.299999999999999988897769753748,238.000000000000000000000000000000,0.029999999999999998889776975375,2409,4948,703,101,32
3658,3658_0,ABANDONED,SOBOL,,,,2343,846,283,161,188
3659,3659_0,ABANDONED,SOBOL,,,,2513,4776,792,14,97
3660,3660_0,COMPLETED,SOBOL,0.400000000000000022204460492503,108.000000000000000000000000000000,0.320000000000000006661338147751,4364,1815,40,240,23
3661,3661_0,ABANDONED,SOBOL,,,,787,2562,544,93,198
3662,3662_0,ABANDONED,SOBOL,,,,416,2196,970,124,233
3663,3663_0,COMPLETED,SOBOL,0.450000000000000011102230246252,206.000000000000000000000000000000,0.380000000000000004440892098501,4416,3431,480,210,48
3664,3664_0,ABANDONED,SOBOL,,,,3709,153,726,47,68
3665,3665_0,ABANDONED,SOBOL,,,,1457,4220,233,133,150
3666,3666_0,COMPLETED,SOBOL,0.320000000000000006661338147751,83.000000000000000000000000000000,0.000000000000000000000000000000,1704,1471,648,191,118
3667,3667_0,ABANDONED,SOBOL,,,,4994,1190,892,144,204
3668,3668_0,COMPLETED,SOBOL,0.309999999999999997779553950750,229.000000000000000000000000000000,0.000000000000000000000000000000,175,4437,402,59,14
3669,3669_0,ABANDONED,SOBOL,,,,1046,321,86,26,42
3670,3670_0,ABANDONED,SOBOL,,,,3806,4056,591,174,242
3671,3671_0,ABANDONED,SOBOL,,,,3069,2028,329,72,128
3672,3672_0,COMPLETED,SOBOL,0.320000000000000006661338147751,179.000000000000000000000000000000,0.029999999999999998889776975375,2076,3595,839,220,94
3673,3673_0,ABANDONED,SOBOL,,,,2176,570,524,130,222
3674,3674_0,COMPLETED,SOBOL,0.320000000000000006661338147751,136.000000000000000000000000000000,0.000000000000000000000000000000,3902,2081,767,207,75
3675,3675_0,ABANDONED,SOBOL,,,,949,3541,278,121,147
3676,3676_0,ABANDONED,SOBOL,,,,273,1369,212,89,174
3677,3677_0,COMPLETED,SOBOL,0.390000000000000013322676295502,206.000000000000000000000000000000,0.100000000000000005551115123126,4898,3004,718,236,107
3678,3678_0,ABANDONED,SOBOL,,,,3232,971,455,10,26
3679,3679_0,ABANDONED,SOBOL,,,,1605,4657,965,158,192
3680,3680_0,COMPLETED,SOBOL,0.330000000000000015543122344752,172.000000000000000000000000000000,0.020000000000000000416333634234,1555,2445,409,224,36
3681,3681_0,ABANDONED,SOBOL,,,,3610,3182,918,76,245
3682,3682_0,COMPLETED,SOBOL,0.409999999999999975575093458247,36.000000000000000000000000000000,0.440000000000000002220446049250,4513,206,165,178,138
3683,3683_0,ABANDONED,SOBOL,,,,320,4166,671,30,80
3684,3684_0,ABANDONED,SOBOL,,,,882,744,846,63,116
3685,3685_0,ABANDONED,SOBOL,,,,4267,4879,356,148,168
3686,3686_0,ABANDONED,SOBOL,,,,2612,1596,602,110,218
3687,3687_0,COMPLETED,SOBOL,0.440000000000000002220446049250,163.000000000000000000000000000000,0.680000000000000048849813083507,2245,2782,108,196,3
3688,3688_0,ABANDONED,SOBOL,,,,2468,1727,879,7,153
3689,3689_0,COMPLETED,SOBOL,0.289999999999999980015985556747,170.000000000000000000000000000000,0.029999999999999998889776975375,2676,2651,385,171,65
3690,3690_0,COMPLETED,SOBOL,0.320000000000000006661338147751,62.000000000000000000000000000000,0.000000000000000000000000000000,4196,934,632,84,52
3691,3691_0,COMPLETED,SOBOL,0.320000000000000006661338147751,18.000000000000000000000000000000,0.010000000000000000208166817117,565,64,317,219,202
3692,3692_0,COMPLETED,SOBOL,0.330000000000000015543122344752,251.000000000000000000000000000000,0.059999999999999997779553950750,4604,4308,822,118,20
3693,3693_0,ABANDONED,SOBOL,,,,1312,3344,579,39,184
3694,3694_0,COMPLETED,SOBOL,0.309999999999999997779553950750,260.000000000000000000000000000000,0.040000000000000000832667268469,3317,4525,563,199,132
3695,3695_0,ABANDONED,SOBOL,,,,4805,1558,301,52,238
3696,3696_0,COMPLETED,SOBOL,0.320000000000000006661338147751,144.000000000000000000000000000000,0.000000000000000000000000000000,27,2814,807,153,45
3697,3697_0,COMPLETED,SOBOL,0.349999999999999977795539507497,115.000000000000000000000000000000,0.020000000000000000416333634234,1175,1939,741,181,10
3698,3698_0,ABANDONED,SOBOL,,,,3975,3683,251,18,208
3699,3699_0,COMPLETED,SOBOL,0.320000000000000006661338147751,32.000000000000000000000000000000,0.000000000000000000000000000000,2905,408,988,229,158
3700,3700_0,ABANDONED,SOBOL,,,,1952,3969,495,66,122
3701,3701_0,COMPLETED,SOBOL,0.330000000000000015543122344752,104.000000000000000000000000000000,0.020000000000000000416333634234,1931,1714,720,249,177
3702,3702_0,ABANDONED,SOBOL,,,,2921,2666,231,85,103
3703,3703_0,COMPLETED,SOBOL,0.510000000000000008881784197001,87.000000000000000000000000000000,0.599999999999999977795539507497,3951,628,975,173,28
3704,3704_0,ABANDONED,SOBOL,,,,1194,4997,482,9,190
3705,3705_0,COMPLETED,SOBOL,0.309999999999999997779553950750,235.000000000000000000000000000000,0.050000000000000002775557561563,4829,4128,543,138,59
3706,3706_0,COMPLETED,SOBOL,0.320000000000000006661338147751,140.000000000000000000000000000000,0.000000000000000000000000000000,3301,2407,288,116,77
3707,3707_0,COMPLETED,SOBOL,0.330000000000000015543122344752,184.000000000000000000000000000000,0.020000000000000000416333634234,1869,3222,794,217,145
3708,3708_0,COMPLETED,SOBOL,0.320000000000000006661338147751,70.000000000000000000000000000000,0.000000000000000000000000000000,1292,1089,335,151,114
3709,3709_0,ABANDONED,SOBOL,,,,3541,4541,841,49,171
3710,3710_0,COMPLETED,SOBOL,0.309999999999999997779553950750,173.000000000000000000000000000000,0.010000000000000000208166817117,583,3122,589,95,7
3711,3711_0,COMPLETED,SOBOL,0.320000000000000006661338147751,121.000000000000000000000000000000,0.000000000000000000000000000000,639,2122,898,67,33
3712,3712_0,ABANDONED,SOBOL,,,,4219,3503,403,230,247
3713,3713_0,ABANDONED,SOBOL,,,,2661,532,642,20,135
3714,3714_0,COMPLETED,SOBOL,0.320000000000000006661338147751,222.000000000000000000000000000000,0.029999999999999998889776975375,2488,3847,152,183,83
3715,3715_0,ABANDONED,SOBOL,,,,2263,371,864,119,200
3716,3716_0,COMPLETED,SOBOL,0.309999999999999997779553950750,219.000000000000000000000000000000,0.200000000000000011102230246252,2589,4009,374,205,22
3717,3717_0,ABANDONED,SOBOL,,,,4283,1979,613,42,97
3718,3718_0,COMPLETED,SOBOL,0.320000000000000006661338147751,86.000000000000000000000000000000,0.000000000000000000000000000000,341,1443,427,159,151
3719,3719_0,ABANDONED,SOBOL,,,,4497,2932,936,12,67
3720,3720_0,COMPLETED,SOBOL,0.309999999999999997779553950750,84.000000000000000000000000000000,0.089999999999999996669330926125,3632,1220,176,238,49
3721,3721_0,ABANDONED,SOBOL,,,,1537,4410,681,91,231
3722,3722_0,COMPLETED,SOBOL,0.320000000000000006661338147751,123.000000000000000000000000000000,0.000000000000000000000000000000,1623,2245,192,32,13
3723,3723_0,ABANDONED,SOBOL,,,,3209,3384,697,180,205
3724,3724_0,ABANDONED,SOBOL,,,,4914,105,443,78,161
3725,3725_0,COMPLETED,SOBOL,0.299999999999999988897769753748,253.000000000000000000000000000000,0.000000000000000000000000000000,251,4270,952,226,120
3726,3726_0,COMPLETED,SOBOL,0.340000000000000024424906541753,56.000000000000000000000000000000,0.050000000000000002775557561563,970,818,503,193,93
3727,3727_0,ABANDONED,SOBOL,,,,2994,1846,755,146,241
3728,3728_0,COMPLETED,SOBOL,0.320000000000000006661338147751,152.000000000000000000000000000000,0.000000000000000000000000000000,2157,2534,265,61,43
3729,3729_0,COMPLETED,SOBOL,0.380000000000000004440892098501,292.000000000000000000000000000000,0.110000000000000000555111512313,3050,4910,573,242,73
3730,3730_0,ABANDONED,SOBOL,,,,3827,1625,319,16,63
3731,3731_0,ABANDONED,SOBOL,,,,1030,2754,828,163,221
3732,3732_0,ABANDONED,SOBOL,,,,191,2495,630,131,193
3733,3733_0,COMPLETED,SOBOL,0.369999999999999995559107901499,187.000000000000000000000000000000,0.040000000000000000832667268469,4973,3135,136,45,25
3734,3734_0,COMPLETED,SOBOL,0.460000000000000019984014443253,38.000000000000000000000000000000,0.510000000000000008881784197001,3152,158,881,208,108
3735,3735_0,ABANDONED,SOBOL,,,,1681,4217,391,122,173
3736,3736_0,ABANDONED,SOBOL,,,,1480,1340,990,57,79
3737,3737_0,COMPLETED,SOBOL,0.320000000000000006661338147751,205.000000000000000000000000000000,0.040000000000000000832667268469,3691,3035,500,142,139
3738,3738_0,ABANDONED,SOBOL,,,,4437,1000,739,104,243
3739,3739_0,COMPLETED,SOBOL,0.289999999999999980015985556747,262.000000000000000000000000000000,0.000000000000000000000000000000,400,4629,245,189,37
3740,3740_0,COMPLETED,SOBOL,0.579999999999999960031971113494,166.000000000000000000000000000000,0.729999999999999982236431605997,802,620,303,222,3
3741,3741_0,ABANDONED,SOBOL,,,,4344,3760,812,74,219
3742,3742_0,ABANDONED,SOBOL,,,,2320,3592,557,28,117
3743,3743_0,ABANDONED,SOBOL,,,,2393,1912,461,213,227
3744,3744_0,COMPLETED,SOBOL,0.320000000000000006661338147751,212.000000000000000000000000000000,0.029999999999999998889776975375,2757,3713,966,112,53
3745,3745_0,COMPLETED,SOBOL,0.359999999999999986677323704498,39.000000000000000000000000000000,0.100000000000000005551115123126,4120,440,206,134,64
3746,3746_0,ABANDONED,SOBOL,,,,737,3940,715,33,154
3747,3747_0,ABANDONED,SOBOL,,,,485,1152,773,4,182
3748,3748_0,COMPLETED,SOBOL,0.309999999999999997779553950750,255.000000000000000000000000000000,0.059999999999999997779553950750,4680,4477,280,168,102
3749,3749_0,COMPLETED,SOBOL,0.320000000000000006661338147751,89.000000000000000000000000000000,0.000000000000000000000000000000,3445,1511,519,81,19
3750,3750_0,COMPLETED,SOBOL,0.569999999999999951150186916493,76.000000000000000000000000000000,0.520000000000000017763568394003,1772,37,596,186,47
3751,3751_0,COMPLETED,SOBOL,0.320000000000000006661338147751,141.000000000000000000000000000000,0.000000000000000000000000000000,4730,2315,851,234,133
3752,3752_0,ABANDONED,SOBOL,,,,108,3315,358,71,89
3753,3753_0,ABANDONED,SOBOL,,,,1094,1778,159,99,123
3754,3754_0,COMPLETED,SOBOL,0.320000000000000006661338147751,160.000000000000000000000000000000,0.000000000000000000000000000000,4050,2602,669,200,158
3755,3755_0,ABANDONED,SOBOL,,,,2825,886,415,53,209
3756,3756_0,COMPLETED,SOBOL,0.309999999999999997779553950750,229.000000000000000000000000000000,0.050000000000000002775557561563,2028,4738,920,155,8
3757,3757_0,ABANDONED,SOBOL,,,,1986,222,396,23,72
3758,3758_0,COMPLETED,SOBOL,0.330000000000000015543122344752,240.000000000000000000000000000000,0.040000000000000000832667268469,2871,4153,905,186,145
3759,3759_0,COMPLETED,SOBOL,0.380000000000000004440892098501,218.000000000000000000000000000000,0.089999999999999996669330926125,1141,3189,650,232,60
3760,3760_0,COMPLETED,SOBOL,0.320000000000000006661338147751,87.000000000000000000000000000000,0.000000000000000000000000000000,139,1572,833,204,27
3761,3761_0,ABANDONED,SOBOL,,,,4694,2808,343,102,194
3762,3762_0,ABANDONED,SOBOL,,,,3429,779,582,156,176
3763,3763_0,ABANDONED,SOBOL,,,,1356,2097,535,113,140
3764,3764_0,ABANDONED,SOBOL,,,,4649,566,786,36,38
3765,3765_0,ABANDONED,SOBOL,,,,521,3814,296,137,246
3766,3766_0,ABANDONED,SOBOL,,,,779,947,223,166,216
3767,3767_0,ABANDONED,SOBOL,,,,4073,4683,728,2,2
3768,3768_0,COMPLETED,SOBOL,0.330000000000000015543122344752,78.000000000000000000000000000000,0.029999999999999998889776975375,2799,1403,474,245,114
3769,3769_0,ABANDONED,SOBOL,,,,2346,2972,983,81,166
3770,3770_0,ABANDONED,SOBOL,,,,2578,2849,511,60,230
3771,3771_0,COMPLETED,SOBOL,0.320000000000000006661338147751,72.000000000000000000000000000000,0.000000000000000000000000000000,4302,1128,257,191,155
3772,3772_0,COMPLETED,SOBOL,0.299999999999999988897769753748,278.000000000000000000000000000000,0.010000000000000000208166817117,849,4502,763,105,67
3773,3773_0,ABANDONED,SOBOL,,,,431,415,689,73,99
3774,3774_0,COMPLETED,SOBOL,0.299999999999999988897769753748,255.000000000000000000000000000000,0.050000000000000002775557561563,4400,3964,199,221,181
3775,3775_0,ABANDONED,SOBOL,,,,3722,1926,944,25,200
3776,3776_0,COMPLETED,SOBOL,0.309999999999999997779553950750,218.000000000000000000000000000000,0.040000000000000000832667268469,1443,3698,450,174,18
3777,3777_0,COMPLETED,SOBOL,0.320000000000000006661338147751,57.000000000000000000000000000000,0.000000000000000000000000000000,1650,901,929,239,237
3778,3778_0,COMPLETED,SOBOL,0.299999999999999988897769753748,271.000000000000000000000000000000,0.040000000000000000832667268469,3189,4724,435,92,44
3779,3779_0,COMPLETED,SOBOL,0.320000000000000006661338147751,106.000000000000000000000000000000,0.000000000000000000000000000000,4941,1753,673,162,87
3780,3780_0,ABANDONED,SOBOL,,,,228,2627,184,15,130
3781,3781_0,ABANDONED,SOBOL,,,,1072,2290,367,47,161
3782,3782_0,COMPLETED,SOBOL,0.330000000000000015543122344752,209.000000000000000000000000000000,0.040000000000000000832667268469,3781,3339,872,133,124
3783,3783_0,COMPLETED,SOBOL,0.560000000000000053290705182008,82.000000000000000000000000000000,0.939999999999999946709294817992,3092,51,112,125,11
3784,3784_0,COMPLETED,SOBOL,0.320000000000000006661338147751,241.000000000000000000000000000000,0.029999999999999998889776975375,2053,4323,621,212,210
3785,3785_0,COMPLETED,SOBOL,0.320000000000000006661338147751,131.000000000000000000000000000000,0.000000000000000000000000000000,2111,2354,805,177,104
3786,3786_0,ABANDONED,SOBOL,,,,3035,3276,311,29,180
3787,3787_0,COMPLETED,SOBOL,0.320000000000000006661338147751,27.000000000000000000000000000000,0.000000000000000000000000000000,3840,310,550,225,191
3788,3788_0,COMPLETED,SOBOL,0.309999999999999997779553950750,251.000000000000000000000000000000,0.010000000000000000208166817117,1011,4065,60,77,31
3789,3789_0,COMPLETED,SOBOL,0.309999999999999997779553950750,45.000000000000000000000000000000,0.000000000000000000000000000000,288,691,493,109,56
3790,3790_0,ABANDONED,SOBOL,,,,4882,4933,998,194,225
3791,3791_0,ABANDONED,SOBOL,,,,3246,1660,237,63,142
3792,3792_0,COMPLETED,SOBOL,0.340000000000000024424906541753,161.000000000000000000000000000000,0.020000000000000000416333634234,1591,2719,747,148,76
3793,3793_0,COMPLETED,SOBOL,0.309999999999999997779553950750,221.000000000000000000000000000000,0.050000000000000002775557561563,3664,3901,638,121,110
3794,3794_0,COMPLETED,SOBOL,0.469999999999999973354647408996,142.000000000000000000000000000000,0.359999999999999986677323704498,4461,2186,383,129,6
3795,3795_0,ABANDONED,SOBOL,,,,373,3440,889,42,212
3796,3796_0,ABANDONED,SOBOL,,,,908,1316,565,11,250
3797,3797_0,COMPLETED,SOBOL,0.359999999999999986677323704498,164.000000000000000000000000000000,0.040000000000000000832667268469,4242,3059,75,158,34
3798,3798_0,COMPLETED,SOBOL,0.320000000000000006661338147751,64.000000000000000000000000000000,0.000000000000000000000000000000,2636,1035,820,88,86
3799,3799_0,COMPLETED,SOBOL,0.299999999999999988897769753748,264.000000000000000000000000000000,0.029999999999999998889776975375,2222,4594,327,235,136
3800,3800_0,COMPLETED,SOBOL,0.320000000000000006661338147751,72.000000000000000000000000000000,0.000000000000000000000000000000,2443,1196,661,50,21
3801,3801_0,ABANDONED,SOBOL,,,,4173,1457,912,98,186
3802,3802_0,COMPLETED,SOBOL,0.299999999999999988897769753748,155.000000000000000000000000000000,0.010000000000000000208166817117,680,2917,422,200,94
3803,3803_0,COMPLETED,SOBOL,0.330000000000000015543122344752,113.000000000000000000000000000000,0.010000000000000000208166817117,620,1994,99,227,70
3804,3804_0,ABANDONED,SOBOL,,,,4549,3631,604,64,152
3805,3805_0,ABANDONED,SOBOL,,,,3578,347,350,182,235
3806,3806_0,ABANDONED,SOBOL,,,,1260,4033,859,19,49
3807,3807_0,ABANDONED,SOBOL,,,,1832,1821,272,84,206
3808,3808_0,COMPLETED,SOBOL,0.390000000000000013322676295502,164.000000000000000000000000000000,0.119999999999999995559107901499,3333,2559,781,248,16
3809,3809_0,COMPLETED,SOBOL,0.280000000000000026645352591004,243.000000000000000000000000000000,0.000000000000000000000000000000,40,4793,526,170,164
3810,3810_0,COMPLETED,SOBOL,0.330000000000000015543122344752,25.000000000000000000000000000000,0.080000000000000001665334536938,1240,119,959,141,126
3811,3811_0,ABANDONED,SOBOL,,,,3910,4256,469,40,92
3812,3812_0,COMPLETED,SOBOL,0.380000000000000004440892098501,121.000000000000000000000000000000,0.070000000000000006661338147751,2967,2221,708,218,40
3813,3813_0,COMPLETED,SOBOL,0.320000000000000006661338147751,110.000000000000000000000000000000,0.000000000000000000000000000000,1876,2210,313,149,144
3814,3814_0,ABANDONED,SOBOL,,,,2956,3417,803,63,78
3815,3815_0,ABANDONED,SOBOL,,,,1247,4245,551,109,225
3816,3816_0,ABANDONED,SOBOL,,,,53,821,1000,77,189
3817,3817_0,COMPLETED,SOBOL,0.419999999999999984456877655248,265.000000000000000000000000000000,0.260000000000000008881784197001,4803,4801,490,225,29
3818,3818_0,ABANDONED,SOBOL,,,,3324,1829,745,30,104
3819,3819_0,COMPLETED,SOBOL,0.320000000000000006661338147751,145.000000000000000000000000000000,0.000000000000000000000000000000,1827,2548,239,177,176
3820,3820_0,COMPLETED,SOBOL,0.500000000000000000000000000000,55.000000000000000000000000000000,0.340000000000000024424906541753,1266,335,635,236,83
3821,3821_0,ABANDONED,SOBOL,,,,4538,2003,891,159,247
3822,3822_0,ABANDONED,SOBOL,,,,606,3619,381,11,33
3823,3823_0,COMPLETED,SOBOL,0.320000000000000006661338147751,82.000000000000000000000000000000,0.000000000000000000000000000000,674,1446,74,43,7
3824,3824_0,ABANDONED,SOBOL,,,,4164,2926,567,128,215
3825,3825_0,ABANDONED,SOBOL,,,,2713,1205,328,122,171
3826,3826_0,COMPLETED,SOBOL,0.299999999999999988897769753748,235.000000000000000000000000000000,0.029999999999999998889776975375,2455,4423,818,207,113
3827,3827_0,COMPLETED,SOBOL,0.289999999999999980015985556747,238.000000000000000000000000000000,0.029999999999999998889776975375,2625,4603,659,182,49
3828,3828_0,ABANDONED,SOBOL,,,,4250,1325,420,64,68
3829,3829_0,COMPLETED,SOBOL,0.299999999999999988897769753748,169.000000000000000000000000000000,0.010000000000000000208166817117,914,3048,914,228,150
3830,3830_0,COMPLETED,SOBOL,0.320000000000000006661338147751,125.000000000000000000000000000000,0.000000000000000000000000000000,386,2174,606,199,186
3831,3831_0,COMPLETED,SOBOL,0.510000000000000008881784197001,70.000000000000000000000000000000,0.660000000000000031086244689504,3655,487,857,152,23
3832,3832_0,ABANDONED,SOBOL,,,,1494,3890,352,51,199
3833,3833_0,COMPLETED,SOBOL,0.320000000000000006661338147751,97.000000000000000000000000000000,0.000000000000000000000000000000,1598,1650,779,117,43
3834,3834_0,ABANDONED,SOBOL,,,,3254,2728,274,218,241
3835,3835_0,ABANDONED,SOBOL,,,,4871,700,528,40,129
3836,3836_0,COMPLETED,SOBOL,0.330000000000000015543122344752,34.000000000000000000000000000000,0.040000000000000000832667268469,1006,299,467,169,119
3837,3837_0,ABANDONED,SOBOL,,,,3831,4073,961,6,161
3838,3838_0,COMPLETED,SOBOL,0.320000000000000006661338147751,137.000000000000000000000000000000,0.000000000000000000000000000000,3046,2362,216,248,205
3839,3839_0,COMPLETED,SOBOL,0.320000000000000006661338147751,174.000000000000000000000000000000,0.029999999999999998889776975375,2124,3265,705,85,13
3840,3840_0,ABANDONED,SOBOL,,,,2064,40,903,55,173
3841,3841_0,COMPLETED,SOBOL,0.299999999999999988897769753748,253.000000000000000000000000000000,0.040000000000000000832667268469,3105,4332,398,155,107
3842,3842_0,COMPLETED,SOBOL,0.320000000000000006661338147751,131.000000000000000000000000000000,0.000000000000000000000000000000,3775,2299,652,102,24
3843,3843_0,COMPLETED,SOBOL,0.320000000000000006661338147751,100.000000000000000000000000000000,0.000000000000000000000000000000,217,1742,341,232,222
3844,3844_0,COMPLETED,SOBOL,0.320000000000000006661338147751,155.000000000000000000000000000000,0.000000000000000000000000000000,4927,2635,835,68,62
3845,3845_0,COMPLETED,SOBOL,0.330000000000000015543122344752,59.000000000000000000000000000000,0.059999999999999997779553950750,3195,910,90,186,73
3846,3846_0,ABANDONED,SOBOL,,,,1658,4712,580,22,149
3847,3847_0,COMPLETED,SOBOL,0.299999999999999988897769753748,223.000000000000000000000000000000,0.050000000000000002775557561563,3716,3707,533,244,167
3848,3848_0,ABANDONED,SOBOL,,,,4414,424,295,2,218
3849,3849_0,COMPLETED,SOBOL,0.530000000000000026645352591004,252.000000000000000000000000000000,0.419999999999999984456877655248,443,3954,788,165,3
3850,3850_0,COMPLETED,SOBOL,0.320000000000000006661338147751,66.000000000000000000000000000000,0.000000000000000000000000000000,857,1117,730,137,38
3851,3851_0,COMPLETED,SOBOL,0.320000000000000006661338147751,100.000000000000000000000000000000,0.000000000000000000000000000000,2564,1534,981,214,138
3852,3852_0,COMPLETED,SOBOL,0.320000000000000006661338147751,163.000000000000000000000000000000,0.029999999999999998889776975375,2268,2838,476,113,79
3853,3853_0,ABANDONED,SOBOL,,,,2358,1392,510,173,203
3854,3854_0,COMPLETED,SOBOL,0.359999999999999986677323704498,67.000000000000000000000000000000,0.100000000000000005551115123126,4067,955,764,221,102
3855,3855_0,ABANDONED,SOBOL,,,,770,4672,256,73,183
3856,3856_0,ABANDONED,SOBOL,,,,511,555,197,105,154
3857,3857_0,COMPLETED,SOBOL,0.320000000000000006661338147751,228.000000000000000000000000000000,0.050000000000000002775557561563,4635,3822,691,191,63
3858,3858_0,COMPLETED,SOBOL,0.320000000000000006661338147751,130.000000000000000000000000000000,0.000000000000000000000000000000,3487,2105,453,59,53
3859,3859_0,ABANDONED,SOBOL,,,,1364,3517,942,145,228
3860,3860_0,COMPLETED,SOBOL,0.540000000000000035527136788005,139.000000000000000000000000000000,0.440000000000000002220446049250,1727,767,437,211,9
3861,3861_0,ABANDONED,SOBOL,,,,3423,4855,926,126,209
3862,3862_0,ABANDONED,SOBOL,,,,4707,1580,182,132,157
3863,3863_0,ABANDONED,SOBOL,,,,151,2797,675,47,123
3864,3864_0,ABANDONED,SOBOL,,,,1149,2430,874,14,89
3865,3865_0,COMPLETED,SOBOL,0.349999999999999977795539507497,192.000000000000000000000000000000,0.040000000000000000832667268469,4015,3198,365,163,133
3866,3866_0,ABANDONED,SOBOL,,,,2858,231,619,91,237
3867,3867_0,COMPLETED,SOBOL,0.489999999999999991118215802999,230.000000000000000000000000000000,0.200000000000000011102230246252,1975,4142,113,240,47
3868,3868_0,COMPLETED,SOBOL,0.320000000000000006661338147751,54.000000000000000000000000000000,0.000000000000000000000000000000,2022,895,575,123,108
3869,3869_0,ABANDONED,SOBOL,,,,4061,1767,826,46,195
3870,3870_0,COMPLETED,SOBOL,0.309999999999999997779553950750,147.000000000000000000000000000000,0.010000000000000000208166817117,1108,2611,321,131,27
3871,3871_0,COMPLETED,SOBOL,0.320000000000000006661338147751,128.000000000000000000000000000000,0.000000000000000000000000000000,114,2323,138,164,59
3872,3872_0,ABANDONED,SOBOL,,,,4739,3304,628,15,221
3873,3873_0,COMPLETED,SOBOL,0.450000000000000011102230246252,26.000000000000000000000000000000,0.239999999999999991118215802999,3386,26,389,243,146
3874,3874_0,COMPLETED,SOBOL,0.299999999999999988897769753748,226.000000000000000000000000000000,0.020000000000000000416333634234,1759,4346,883,94,72
3875,3875_0,ABANDONED,SOBOL,,,,1401,1520,498,28,166
3876,3876_0,COMPLETED,SOBOL,0.330000000000000015543122344752,186.000000000000000000000000000000,0.040000000000000000832667268469,3455,2853,992,176,115
3877,3877_0,COMPLETED,SOBOL,0.569999999999999951150186916493,155.000000000000000000000000000000,0.920000000000000039968028886506,4672,1142,247,74,2
3878,3878_0,COMPLETED,SOBOL,0.309999999999999997779553950750,280.000000000000000000000000000000,0.010000000000000000208166817117,478,4486,737,222,216
3879,3879_0,ABANDONED,SOBOL,,,,724,448,811,190,246
3880,3880_0,COMPLETED,SOBOL,0.299999999999999988897769753748,255.000000000000000000000000000000,0.050000000000000002775557561563,4108,3929,305,104,38
3881,3881_0,COMPLETED,SOBOL,0.320000000000000006661338147751,111.000000000000000000000000000000,0.000000000000000000000000000000,2766,1901,559,142,82
3882,3882_0,COMPLETED,SOBOL,0.320000000000000006661338147751,120.000000000000000000000000000000,0.089999999999999996669330926125,2314,2042,969,245,17
3883,3883_0,ABANDONED,SOBOL,,,,2523,3580,459,82,200
3884,3884_0,ABANDONED,SOBOL,,,,4354,609,713,168,182
3885,3885_0,ABANDONED,SOBOL,,,,816,3768,208,5,98
3886,3886_0,ABANDONED,SOBOL,,,,406,1009,282,33,66
3887,3887_0,ABANDONED,SOBOL,,,,4446,4618,771,135,155
3888,3888_0,COMPLETED,SOBOL,0.340000000000000024424906541753,174.000000000000000000000000000000,0.040000000000000000832667268469,1466,3043,520,213,54
3889,3889_0,COMPLETED,SOBOL,0.320000000000000006661338147751,240.000000000000000000000000000000,0.040000000000000000832667268469,3163,4205,598,54,12
3890,3890_0,COMPLETED,SOBOL,0.320000000000000006661338147751,173.000000000000000000000000000000,0.000000000000000000000000000000,4964,2484,360,200,124
3891,3891_0,ABANDONED,SOBOL,,,,185,3143,850,99,160
3892,3892_0,ABANDONED,SOBOL,,,,1017,1634,666,71,130
3893,3893_0,COMPLETED,SOBOL,0.390000000000000013322676295502,198.000000000000000000000000000000,0.080000000000000001665334536938,3816,2743,161,235,88
3894,3894_0,ABANDONED,SOBOL,,,,3059,704,922,23,44
3895,3895_0,ABANDONED,SOBOL,,,,2105,4919,412,187,236
3896,3896_0,COMPLETED,SOBOL,0.320000000000000006661338147751,111.000000000000000000000000000000,0.050000000000000002775557561563,2166,1854,228,217,76
3897,3897_0,ABANDONED,SOBOL,,,,2999,2523,722,115,142
3898,3898_0,ABANDONED,SOBOL,,,,3873,806,484,138,224
3899,3899_0,ABANDONED,SOBOL,,,,959,4816,973,37,56
3900,3900_0,ABANDONED,SOBOL,,,,243,113,541,9,32
3901,3901_0,ABANDONED,SOBOL,,,,3222,2235,796,86,179
3902,3902_0,COMPLETED,SOBOL,0.359999999999999986677323704498,179.000000000000000000000000000000,0.080000000000000001665334536938,1634,3393,287,249,105
3903,3903_0,COMPLETED,SOBOL,0.320000000000000006661338147751,71.000000000000000000000000000000,0.000000000000000000000000000000,1525,1229,843,183,136
3904,3904_0,ABANDONED,SOBOL,,,,3619,4398,334,19,86
3905,3905_0,COMPLETED,SOBOL,0.330000000000000015543122344752,93.000000000000000000000000000000,0.209999999999999992228438827624,4503,1431,588,231,34
3906,3906_0,ABANDONED,SOBOL,,,,872,1988,406,95,212
3907,3907_0,COMPLETED,SOBOL,0.579999999999999960031971113494,306.000000000000000000000000000000,0.869999999999999995559107901499,4297,3634,895,196,5
3908,3908_0,ABANDONED,SOBOL,,,,2583,360,150,50,110
3909,3909_0,ABANDONED,SOBOL,,,,2255,4018,644,150,170
3910,3910_0,COMPLETED,SOBOL,0.320000000000000006661338147751,37.000000000000000000000000000000,0.000000000000000000000000000000,2497,541,373,90,50
3911,3911_0,COMPLETED,SOBOL,0.320000000000000006661338147751,190.000000000000000000000000000000,0.029999999999999998889776975375,2667,3836,866,238,234
3912,3912_0,COMPLETED,SOBOL,0.309999999999999997779553950750,197.000000000000000000000000000000,0.010000000000000000208166817117,628,3512,611,160,70
3913,3913_0,COMPLETED,SOBOL,0.320000000000000006661338147751,72.000000000000000000000000000000,0.000000000000000000000000000000,575,1261,934,127,95
3914,3914_0,ABANDONED,SOBOL,,,,4575,3111,429,42,185
3915,3915_0,COMPLETED,SOBOL,0.320000000000000006661338147751,69.000000000000000000000000000000,0.000000000000000000000000000000,3555,1078,683,204,196
3916,3916_0,COMPLETED,SOBOL,0.299999999999999988897769753748,271.000000000000000000000000000000,0.020000000000000000416333634234,1303,4549,174,119,22
3917,3917_0,ABANDONED,SOBOL,,,,1858,2416,699,60,240
3918,3918_0,COMPLETED,SOBOL,0.299999999999999988897769753748,166.000000000000000000000000000000,0.040000000000000000832667268469,3288,3211,189,146,40
3919,3919_0,COMPLETED,SOBOL,0.320000000000000006661338147751,23.000000000000000000000000000000,0.000000000000000000000000000000,4835,236,950,108,92
3920,3920_0,COMPLETED,SOBOL,0.320000000000000006661338147751,230.000000000000000000000000000000,0.000000000000000000000000000000,17,4137,445,194,126
3921,3921_0,ABANDONED,SOBOL,,,,3965,4986,502,78,120
3922,3922_0,COMPLETED,SOBOL,0.340000000000000024424906541753,103.000000000000000000000000000000,0.149999999999999994448884876874,2915,1703,263,180,15
3923,3923_0,ABANDONED,SOBOL,,,,1922,2674,757,32,207
3924,3924_0,COMPLETED,SOBOL,0.510000000000000008881784197001,67.000000000000000000000000000000,0.359999999999999986677323704498,1940,400,33,158,26
3925,3925_0,ABANDONED,SOBOL,,,,2892,3980,522,10,195
3926,3926_0,COMPLETED,SOBOL,0.320000000000000006661338147751,105.000000000000000000000000000000,0.000000000000000000000000000000,3981,1950,276,237,175
3927,3927_0,ABANDONED,SOBOL,,,,1184,3675,770,88,109
3928,3928_0,COMPLETED,SOBOL,0.320000000000000006661338147751,86.000000000000000000000000000000,0.000000000000000000000000000000,37,1550,719,121,71
3929,3929_0,COMPLETED,SOBOL,0.320000000000000006661338147751,141.000000000000000000000000000000,0.000000000000000000000000000000,4819,2825,210,206,147
3930,3930_0,ABANDONED,SOBOL,,,,3310,1113,963,44,220
3931,3931_0,COMPLETED,SOBOL,0.309999999999999997779553950750,237.000000000000000000000000000000,0.020000000000000000416333634234,1840,4517,457,129,61
3932,3932_0,ABANDONED,SOBOL,,,,1321,2275,916,196,217
3933,3933_0,COMPLETED,SOBOL,0.589999999999999968913755310496,300.000000000000000000000000000000,0.869999999999999995559107901499,3532,3355,410,110,1
3934,3934_0,COMPLETED,SOBOL,0.520000000000000017763568394003,40.000000000000000000000000000000,0.750000000000000000000000000000,4591,76,672,148,115
3935,3935_0,ABANDONED,SOBOL,,,,648,925,354,30,140
3936,3936_0,COMPLETED,SOBOL,0.299999999999999988897769753748,302.000000000000000000000000000000,0.050000000000000002775557561563,4189,4700,848,178,81
3937,3937_0,COMPLETED,SOBOL,0.320000000000000006661338147751,95.000000000000000000000000000000,0.000000000000000000000000000000,2690,1738,111,76,39
3938,3938_0,ABANDONED,SOBOL,,,,2479,2642,600,223,245
3939,3939_0,ABANDONED,SOBOL,,,,2234,1587,387,39,99
3940,3940_0,ABANDONED,SOBOL,,,,2599,2792,877,140,181
3941,3941_0,COMPLETED,SOBOL,0.419999999999999984456877655248,273.000000000000000000000000000000,0.070000000000000006661338147751,891,4870,633,219,17
3942,3942_0,COMPLETED,SOBOL,0.400000000000000022204460492503,35.000000000000000000000000000000,0.149999999999999994448884876874,331,198,824,247,54
3943,3943_0,ABANDONED,SOBOL,,,,4527,4177,315,84,230
3944,3944_0,COMPLETED,SOBOL,0.320000000000000006661338147751,135.000000000000000000000000000000,0.000000000000000000000000000000,3603,2456,577,170,157
3945,3945_0,ABANDONED,SOBOL,,,,1546,3173,72,7,65
3946,3946_0,ABANDONED,SOBOL,,,,1614,962,561,65,159
3947,3947_0,COMPLETED,SOBOL,0.320000000000000006661338147751,77.000000000000000000000000000000,0.000000000000000000000000000000,4884,1379,809,17,11
3948,3948_0,ABANDONED,SOBOL,,,,261,2995,299,181,211
3949,3949_0,ABANDONED,SOBOL,,,,941,2073,249,152,235
3950,3950_0,COMPLETED,SOBOL,0.340000000000000024424906541753,209.000000000000000000000000000000,0.040000000000000000832667268469,3896,3552,743,52,45
3951,3951_0,COMPLETED,SOBOL,0.369999999999999995559107901499,49.000000000000000000000000000000,0.340000000000000024424906541753,2984,581,496,198,87
3952,3952_0,ABANDONED,SOBOL,,,,2186,3799,986,98,131
3953,3953_0,ABANDONED,SOBOL,,,,2090,2019,685,3,57
3954,3954_0,ABANDONED,SOBOL,,,,3798,332,932,80,142
3955,3955_0,COMPLETED,SOBOL,0.320000000000000006661338147751,202.000000000000000000000000000000,0.050000000000000002775557561563,1040,4047,423,243,75
3956,3956_0,COMPLETED,SOBOL,0.320000000000000006661338147751,71.000000000000000000000000000000,0.000000000000000000000000000000,162,1182,123,215,106
3957,3957_0,ABANDONED,SOBOL,,,,4982,4448,617,114,179
3958,3958_0,ABANDONED,SOBOL,,,,3142,1482,371,137,191
3959,3959_0,COMPLETED,SOBOL,0.320000000000000006661338147751,151.000000000000000000000000000000,0.000000000000000000000000000000,1710,2893,860,35,30
3960,3960_0,ABANDONED,SOBOL,,,,1450,144,261,102,249
3961,3961_0,COMPLETED,SOBOL,0.400000000000000022204460492503,256.000000000000000000000000000000,0.230000000000000009992007221626,3700,4230,751,202,35
3962,3962_0,COMPLETED,SOBOL,0.320000000000000006661338147751,194.000000000000000000000000000000,0.010000000000000000208166817117,429,3422,508,157,137
3963,3963_0,COMPLETED,SOBOL,0.320000000000000006661338147751,99.000000000000000000000000000000,0.000000000000000000000000000000,792,1807,948,185,169
3964,3964_0,ABANDONED,SOBOL,,,,4373,2573,439,21,111
3965,3965_0,COMPLETED,SOBOL,0.510000000000000008881784197001,94.000000000000000000000000000000,0.920000000000000039968028886506,2502,857,701,233,5
3966,3966_0,COMPLETED,SOBOL,0.320000000000000006661338147751,46.000000000000000000000000000000,0.050000000000000002775557561563,2422,666,790,133,70
3967,3967_0,ABANDONED,SOBOL,,,,2748,4959,285,48,152
3968,3968_0,ABANDONED,SOBOL,,,,4129,1674,547,210,233
3969,3969_0,COMPLETED,SOBOL,0.309999999999999997779553950750,127.000000000000000000000000000000,0.010000000000000000208166817117,495,2368,478,92,21
3970,3970_0,COMPLETED,SOBOL,0.349999999999999977795539507497,182.000000000000000000000000000000,0.040000000000000000832667268469,4651,3262,971,241,197
3971,3971_0,ABANDONED,SOBOL,,,,3474,285,234,14,184
3972,3972_0,COMPLETED,SOBOL,0.320000000000000006661338147751,212.000000000000000000000000000000,0.020000000000000000416333634234,1378,4090,724,162,96
3973,3973_0,COMPLETED,SOBOL,0.320000000000000006661338147751,73.000000000000000000000000000000,0.000000000000000000000000000000,1782,1291,156,220,127
3974,3974_0,ABANDONED,SOBOL,,,,3368,3084,646,72,91
3975,3975_0,COMPLETED,SOBOL,0.340000000000000024424906541753,67.000000000000000000000000000000,0.059999999999999997779553950750,4760,1050,400,174,41
3976,3976_0,ABANDONED,SOBOL,,,,98,4580,893,27,240
3977,3977_0,ABANDONED,SOBOL,,,,1124,493,593,58,207
3978,3978_0,COMPLETED,SOBOL,0.320000000000000006661338147751,206.000000000000000000000000000000,0.050000000000000002775557561563,4040,3887,84,144,14
3979,3979_0,ABANDONED,SOBOL,,,,2835,2160,837,106,121
3980,3980_0,COMPLETED,SOBOL,0.309999999999999997779553950750,187.000000000000000000000000000000,0.020000000000000000416333634234,1999,3464,332,192,163
3981,3981_0,ABANDONED,SOBOL,,,,1957,1419,856,75,226
3982,3982_0,COMPLETED,SOBOL,0.330000000000000015543122344752,159.000000000000000000000000000000,0.080000000000000001665334536938,2881,2956,346,222,58
3983,3983_0,ABANDONED,SOBOL,,,,3998,1235,608,27,78
3984,3984_0,ABANDONED,SOBOL,,,,129,386,418,143,178
3985,3985_0,ABANDONED,SOBOL,,,,4723,3994,908,57,103
3986,3986_0,COMPLETED,SOBOL,0.340000000000000024424906541753,112.000000000000000000000000000000,0.089999999999999996669330926125,3399,1956,171,189,29
3987,3987_0,ABANDONED,SOBOL,,,,1745,3669,664,103,188
3988,3988_0,COMPLETED,SOBOL,0.320000000000000006661338147751,51.000000000000000000000000000000,0.000000000000000000000000000000,1346,793,218,45,32
3989,3989_0,ABANDONED,SOBOL,,,,3510,4831,711,130,248
3990,3990_0,ABANDONED,SOBOL,,,,4620,1860,465,124,134
3991,3991_0,RUNNING,SOBOL,,,,531,2519,955,209,84
3992,3992_0,RUNNING,SOBOL,,,,749,2261,530,241,112
3993,3993_0,ABANDONED,SOBOL,,,,2790,81,777,164,214
3994,3994_0,RUNNING,SOBOL,,,,2375,4294,268,16,8
3995,3995_0,RUNNING,SOBOL,,,,2288,271,750,201,149
3996,3996_0,RUNNING,SOBOL,,,,2549,4104,241,100,69
3997,3997_0,RUNNING,SOBOL,,,,4331,2392,994,153,48
3998,3998_0,ABANDONED,SOBOL,,,,839,3238,488,53,232
3999,3999_0,RUNNING,SOBOL,,,,4391,2681,553,188,24
4000,4000_0,ABANDONED,SOBOL,,,,3732,651,307,70,97
4001,4001_0,RUNNING,SOBOL,,,,1414,4973,801,234,187
4002,4002_0,RUNNING,SOBOL,,,,1679,2146,323,167,93
4003,4003_0,ABANDONED,SOBOL,,,,3179,3479,816,4,128
4004,4004_0,RUNNING,SOBOL,,,,198,3863,569,83,42
4005,4005_0,RUNNING,SOBOL,,,,1082,1074,885,110,13
4006,4006_0,RUNNING,SOBOL,,,,3751,4556,379,212,204
4007,4007_0,ABANDONED,SOBOL,,,,3121,1276,641,34,163
4008,4008_0,RUNNING,SOBOL,,,,2043,3098,132,135,118
4009,4009_0,RUNNING,SOBOL,,,,2140,1167,447,230,193
4010,4010_0,RUNNING,SOBOL,,,,3025,4463,940,66,25
4011,4011_0,RUNNING,SOBOL,,,,3850,1487,203,184,106
4012,4012_0,ABANDONED,SOBOL,,,,982,2888,693,20,174
4013,4013_0,ABANDONED,SOBOL,,,,298,1887,759,49,147
4014,4014_0,RUNNING,SOBOL,,,,4852,3738,254,150,74
4015,4015_0,RUNNING,SOBOL,,,,3275,454,516,97,61
4016,4016_0,RUNNING,SOBOL,,,,1509,1792,625,139,4
4017,4017_0,RUNNING,SOBOL,,,,4490,862,868,216,168
4018,4018_0,ABANDONED,SOBOL,,,,363,4764,363,115,116
4019,4019_0,RUNNING,SOBOL,,,,937,12,187,87,80
